0
1 2
2 3
3 4
4 5
5 6
6 7
7 8
8 9
9 10
10 11
11 12
12 13
13 14
14 15
15 16
16 17
17 18
18 19
19 20
20 21
21 22
22 23
23 24
24 25
25 26
26 27
27 28
28 29
29 30
30 31
31 32
32 33
33 34
34 35
35 36
36 37
37 38
38 39
39 40
40 41
41 42
42 43
43 44
44 45
45 46
46 47
47 48
48 49
49 50
50 51
51 52
52 53
53 54
54 55
55 56
56 57
57 58
58 59
59 60
60 61
61 62
62 63
63 64
64 65
65 66
66 67
67 68
68 69
69 70
70 71
71 72
72 73
73 74
74 75
75 76
76 77
77 78
78 79
79 80
80 81
81 82
82 83
83 84
84 85 86
85 87
86 88
87 89
88 90
89 91
90 92
91 93
92 94
93 95
94 96
95 97
96 98
97 99
98 100
99 101
100 102
101 103
102 104
103 105
104 106
105 107
106 108
107 109
108 110
109 111
110 112
111 113
112 114
113 115
114 116
115 117
116 118
117 119
118 120
119 121
120 122
121 123
122 124
123 125
124 126
125 127
126 128
127 129
128 130
129 131
130 132
131 133
132 134
133 135
134 136
135 137
136 138
137 139
138 140
139 141
140 142
141 143
142 144
143 145
144 146
145 147
146 148
147 149
148 150
149 151
150 152
151 153
152 154
153 155
154 156
155 157
156 158
157 159
158 160
159 161
160 162
161 163
162 164
163 165
164 166
165 167
166 168
167 169
168 170
169 171
170 172
171 173
172 174
173 175
174 176
175 177
176 178
177 179
178 180
179 181
180 182
181 183
182 184
183 185
184 186
185 187
186 188
187 189
188 190
189 191
190 192
191 193
192 194
193 195
194 196
195 197
196 198
197 199
198 200
199 201
200 202
201 203
202 204
203 205
204 206
205 207
206 208
207 209
208 210
209 211
210 212
211 213
212 214
213 215
214 216
215 217
216 218
217 219
218 220
219 221
220 222
221 223
222 224
223 225
224 226
225 227
226 228
227 229
228 230
229 231
230 232
231 233
232 234
233 235
234 236
235 237
236 238
237 239
238 240
239 241
240 242
241 243
242 244
243 245 246
244 247
245 248
246 249
247 250
248 251
249 252
250 253
251 254
252 255
253 256
254 257
255 258
256 259
257 260
258 261
259 262
260 263
261 264
262 265
263 266
264 267
265 268
266 269
267 270
268 271
269 272
270 273
271 274
272 275
273 276
274 277
275 278
276 279
277 280
278 281
279 282
280 283
281 284
282 285
283 286
284 287
285 288
286 289
287 290
288 291
289 292
290 293
291 294
292 295
293 296
294 297
295 298
296 299
297 300
298 301
299 302
300 303
301 304
302 305
303 306
304 307
305 308
306 309
307 310
308 311
309 312
310 313
311 314
312 315
313 316
314 317
315 318
316 319
317 320
318 321
319 322
320 323
321 324
322 325
323 326
324 327
325 328
326 329
327 330
328 331
329 332
330 333
331 334
332 335
333 336
334 337
335 338
336 339
337 340 341
338 342
339 343
340 344
341 345
342 346
343 347
344 348
345 349 350
346 351
347 352
348 353
349 354
350 355
351 356
352 357
353 358
354 359
355 360
356 361
357 362
358 363
359 364
360 365
361 366
362 367
363 368
364 369
365 370
366 371
367 372
368 373
369 374
370 375
371 376
372 377
373 378
374 379
375 380
376 381
377 382
378 383
379 384
380 385
381 386
382 387
383 388
384 389
385 390
386 391
387 392
388 393
389 394
390 395 396
391 397
392 398
393 399
394 400
395 401
396 402
397 403
398 404
399 405
400 406
401 407
402 408
403 409
404 410
405 411
406 412
407 413
408 414
409 415
410 416
411 417
412 418
413 419
414 420
415 421
416 422
417 423
418 424
419 425
420 426
421 427
422 428
423 429
424 430
425 431
426 432
427 433
428 434
429 435
430 436
431 437
432 438
433 439
434 440
435 441
436 442
437 443
438 444
439 445
440 446
441 447
442 448
443 449 450
444 451
445 452
446 453
447 454
448 455
449 456
450 457
451 458
452 459
453 460
454 461
455 462
456 463
457 464
458 465
459 466
460 467 468
461 469
462 470
463 471
464 472 473
465 474
466 475
467 476
468 477
469 478
470 479
471 480
472 481
473 482
474 483
475 484
476 485
477 486
478 487
479 488
480 489
481 490 491
482 492
483 493 494
484 495
485 496
486 497
487 498
488 499
489 500
490 501
491 502
492 503
493 504
494 505
495 506
496 507
497 508
498 509
499 510
500 511
501 512
502 513
503 514
504 515
505 516
506 517
507 518
508 519
509 520
510 521
511 522
512 523
513 524
514 525
515 526
516 527
517 528
518 529
519 530
520 531
521 532
522 533
523 534
524 535
525 536
526 537
527 538
528 539
529 540
530 541
531 542
532 543
533 544
534 545
535 546
536 547
537 548
538 549
539 550
540 551
541 552
542 553
543 554
544 555
545 556
546 557
547 558
548 559
549 560
550 561
551 562
552 563
553 564
554 565
555 566
556 567
557 568
558 569
559 570
560 571
561 572
562 573
563 574
564 575
565 576
566 577
567 578
568 579
569 580
570 581
571 582
572 583
573 584
574 585
575 586
576 587
577 588
578 589
579 590
580 591
581 592
582 593
583 594
584 595
585 596
586 597
587 598
588 599
589 600
590 601
591 602
592 603
593 604
594 605
595 606
596 607
597 608
598 609
599 610
600 611
601 612
602 613
603 614
604 615
605 616
606 617
607 618
608 619
609 620
610 621
611 622
612 623
613 624
614 625
615 626
616 627
617 628
618 629
619 630
620 631
621 632
622 633
623 634
624 635
625 636
626 637
627 638
628 639
629 640
630 641
631 642
632 643
633 644
634 645
635 646
636 647
637 648
638 649
639 650
640 651
641 652
642 653
643 654
644 655
645 656
646 657
647 658
648 659
649 660
650 661
651 662
652 663
653 664
654 665
655 666
656 667
657 668
658 669
659 670
660 671
661 672
662 673
663 674
664 675
665 676
666 677
667 678
668 679
669 680
670 681
671 682
672 683
673 684
674 685
675 686
676 687
677 688
678 689
679 690
680 691
681 692
682 693
683 694
684 695
685 696
686 697
687 698
688 699
689 700
690 701
691 702
692 703
693 704
694 705
695 706
696 707
697 708
698 709
699 710
700 711
701 712
702 713
703 714
704 715
705 716
706 717
707 718
708 719
709 720
710 721
711 722
712 723
713 724
714 725
715 726
716 727
717 728 729
718 730
719 731
720 732
721 733
722 734
723 735
724 736
725 737
726 738
727 739
728 740
729 741
730 742
731 743
732 744
733 745
734 746
735 747
736 748
737 749
738 750
739 751
740 752
741 753
742 754
743 755
744 756
745 757
746 758
747 759
748 760
749 761
750 762
751 763
752 764
753 765
754 766
755 767
756 768
757 769
758 770
759 771
760 772
761 773
762 774
763 775
764 776
765 777
766 778
767 779
768 780
769 781
770 782
771 783
772 784
773 785
774 786
775 787
776 788
777 789
778 790
779 791
780 792
781 793
782 794
783 795
784 796
785 797
786 798
787 799
788 800
789 801
790 802
791 803
792 804
793 805
794 806
795 807
796 808
797 809
798 810
799 811
800 812
801 813
802 814
803 815
804 816
805 817
806 818
807 819
808 820
809 821
810 822
811 823
812 824
813 825
814 826
815 827
816 828
817 829
818 830
819 831
820 832
821 833
822 834
823 835
824 836
825 837
826 838
827 839
828 840
829 841
830 842 843
831 844
832 845
833 846
834 847
835 848
836 849
837 850
838 851
839 852
840 853
841 854
842 855
843 856
844 857
845 858
846 859
847 860
848 861
849 862
850 863
851 864
852 865
853 866
854 867
855 868
856 869
857 870
858 871
859 872
860 873
861 874
862 875
863 876
864 877
865 878
866 879
867 880
868 881
869 882
870 883
871 884
872 885
873 886
874 887
875 888
876 889
877 890
878 891
879 892
880 893
881 894
882 895
883 896
884 897
885 898
886 899
887 900
888 901
889 902
890 903
891 904
892 905
893 906
894 907
895 908
896 909
897 910
898 911
899 912
900 913
901 914
902 915
903 916
904 917
905 918
906 919
907 920
908 921
909 922
910 923
911 924
912 925
913 926
914 927
915 928
916 929
917 930
918 931
919 932
920 933
921 934
922 935
923 936
924 937
925 938
926 939
927 940
928 941
929 942
930 943
931 944
932 945
933 946
934 947
935 948
936 949
937 950
938 951 952
939 953
940 954
941 955
942 956
943 957
944 958
945 959
946 960
947 961
948 962
949 963
950 964
951 965
952 966
953 967
954 968
955 969
956 970
957 971
958 972
959 973
960 974
961 975
962 976
963 977
964 978
965 979
966 980
967 981
968 982
969 983
970 984
971 985
972 986
973 987
974 988
975 989
976 990
977 991
978 992
979 993
980 994
981 995
982 996
983 997
984 998
985 999
986 1000
987 1001
988 1002
989 1003
990 1004
991 1005
992 1006
993 1007
994 1008
995 1009
996 1010
997 1011
998 1012
999 1013
1000 1014
1001 1015
1002 1016
1003 1017
1004 1018
1005 1019
1006 1020
1007 1021
1008 1022
1009 1023
1010 1024
1011 1025
1012 1026
1013 1027
1014 1028
1015 1029
1016 1030
1017 1031
1018 1032
1019 1033
1020 1034
1021 1035
1022 1036
1023 1037
1024 1038
1025 1039
1026 1040
1027 1041
1028 1042
1029 1043
1030 1044
1031 1045
1032 1046
1033 1047
1034 1048
1035 1049
1036 1050
1037 1051
1038 1052
1039 1053
1040 1054
1041 1055
1042 1056
1043 1057
1044 1058
1045 1059
1046 1060
1047 1061
1048 1062
1049 1063
1050 1064
1051 1065
1052 1066
1053 1067
1054 1068
1055 1069
1056 1070
1057 1071
1058 1072
1059 1073
1060 1074
1061 1075
1062 1076
1063 1077
1064 1078
1065 1079
1066 1080
1067 1081
1068 1082
1069 1083
1070 1084
1071 1085
1072 1086
1073 1087
1074 1088
1075 1089
1076 1090
1077 1091
1078 1092
1079 1093
1080 1094
1081 1095
1082 1096
1083 1097
1084 1098
1085 1099
1086 1100
1087 1101
1088 1102
1089 1103
1090 1104
1091 1105
1092 1106
1093 1107
1094 1108
1095 1109 1110
1096 1111
1097 1112
1098 1113
1099 1114
1100 1115
1101 1116
1102 1117
1103 1118
1104 1119
1105 1120
1106 1121
1107 1122
1108 1123
1109 1124
1110 1125
1111 1126
1112 1127
1113 1128
1114 1129
1115 1130
1116 1131
1117 1132
1118 1133
1119 1134
1120 1135
1121 1136
1122 1137
1123 1138
1124 1139
1125 1140
1126 1141
1127 1142
1128 1143
1129 1144
1130 1145
1131 1146
1132 1147
1133 1148
1134 1149
1135 1150
1136 1151
1137 1152
1138 1153
1139 1154
1140 1155
1141 1156
1142 1157
1143 1158
1144 1159
1145 1160
1146 1161
1147 1162
1148 1163
1149 1164
1150 1165
1151 1166
1152 1167
1153 1168
1154 1169
1155 1170
1156 1171
1157 1172
1158 1173
1159 1174
1160 1175
1161 1176
1162 1177
1163 1178
1164 1179
1165 1180
1166 1181
1167 1182
1168 1183
1169 1184
1170 1185
1171 1186
1172 1187
1173 1188
1174 1189
1175 1190
1176 1191
1177 1192 1193
1178 1194
1179 1195
1180 1196
1181 1197
1182 1198
1183 1199
1184 1200
1185 1201
1186 1202
1187 1203
1188 1204
1189 1205
1190 1206
1191 1207
1192 1208
1193 1209
1194 1210
1195 1211
1196 1212
1197 1213
1198 1214
1199 1215
1200 1216
1201 1217
1202 1218
1203 1219
1204 1220
1205 1221
1206 1222
1207 1223
1208 1224
1209 1225
1210 1226
1211 1227
1212 1228
1213 1229
1214 1230
1215 1231
1216 1232
1217 1233
1218 1234
1219 1235
1220 1236
1221 1237
1222 1238
1223 1239
1224 1240
1225 1241
1226 1242
1227 1243
1228 1244
1229 1245
1230 1246
1231 1247
1232 1248
1233 1249
1234 1250
1235 1251
1236 1252
1237 1253
1238 1254
1239 1255
1240 1256
1241 1257
1242 1258
1243 1259
1244 1260
1245 1261
1246 1262
1247 1263
1248 1264
1249 1265
1250 1266
1251 1267
1252 1268
1253 1269
1254 1270
1255 1271
1256 1272
1257 1273
1258 1274
1259 1275
1260 1276
1261 1277
1262 1278
1263 1279
1264 1280
1265 1281
1266 1282
1267 1283
1268 1284
1269 1285
1270 1286
1271 1287
1272 1288
1273 1289
1274 1290
1275 1291
1276 1292
1277 1293
1278 1294
1279 1295
1280 1296
1281 1297 1298
1282 1299
1283 1300
1284 1301
1285 1302
1286 1303
1287 1304
1288 1305
1289 1306
1290 1307
1291 1308
1292 1309
1293 1310
1294 1311
1295 1312
1296 1313
1297 1314
1298 1315
1299 1316
1300 1317
1301 1318
1302 1319
1303 1320
1304 1321
1305 1322 1323
1306 1324
1307 1325
1308 1326
1309 1327
1310 1328
1311 1329
1312 1330
1313 1331
1314 1332
1315 1333
1316 1334
1317 1335
1318 1336
1319 1337
1320 1338
1321 1339
1322 1340
1323 1341
1324 1342
1325 1343
1326 1344
1327 1345
1328 1346
1329 1347
1330 1348
1331 1349
1332 1350
1333 1351
1334 1352
1335 1353
1336 1354
1337 1355
1338 1356
1339 1357
1340 1358
1341 1359
1342 1360
1343 1361
1344 1362
1345 1363
1346 1364
1347 1365
1348 1366
1349 1367
1350 1368
1351 1369
1352 1370
1353 1371
1354 1372
1355 1373
1356 1374
1357 1375
1358 1376
1359 1377
1360 1378
1361 1379
1362 1380
1363 1381
1364 1382
1365 1383 1384
1366 1385
1367 1386
1368 1387
1369 1388
1370 1389
1371 1390
1372 1391
1373 1392
1374 1393
1375 1394
1376 1395
1377 1396
1378 1397
1379 1398
1380 1399
1381 1400
1382 1401
1383 1402
1384 1403
1385 1404
1386 1405
1387 1406
1388 1407
1389 1408
1390 1409
1391 1410
1392 1411
1393 1412
1394 1413
1395 1414
1396 1415
1397 1416
1398 1417
1399 1418
1400 1419
1401 1420
1402 1421
1403 1422
1404 1423
1405 1424
1406 1425
1407 1426
1408 1427
1409 1428
1410 1429
1411 1430
1412 1431
1413 1432
1414 1433 1434
1415 1435
1416 1436 1437
1417 1438
1418 1439
1419 1440
1420 1441
1421 1442
1422 1443
1423 1444
1424 1445
1425 1446
1426 1447
1427 1448
1428 1449
1429 1450
1430 1451
1431 1452
1432 1453
1433 1454
1434 1455
1435 1456
1436 1457
1437 1458
1438 1459
1439 1460 1461
1440 1462
1441 1463
1442 1464
1443 1465
1444 1466
1445 1467
1446 1468
1447 1469
1448 1470
1449 1471
1450 1472
1451 1473
1452 1474
1453 1475
1454 1476
1455 1477
1456 1478
1457 1479
1458 1480
1459 1481
1460 1482
1461 1483
1462 1484
1463 1485
1464 1486
1465 1487
1466 1488
1467 1489
1468 1490
1469 1491
1470 1492
1471 1493
1472 1494
1473 1495
1474 1496
1475 1497
1476 1498
1477 1499 1500
1478 1501
1479 1502
1480 1503
1481 1504
1482 1505
1483 1506
1484 1507
1485 1508
1486 1509 1510
1487 1511
1488 1512
1489 1513
1490 1514
1491 1515
1492 1516
1493 1517
1494 1518
1495 1519
1496 1520
1497 1521
1498 1522
1499 1523
1500 1524
1501 1525
1502 1526
1503 1527
1504 1528
1505 1529
1506 1530
1507 1531
1508 1532
1509 1533
1510 1534
1511 1535
1512 1536
1513 1537
1514 1538
1515 1539
1516 1540
1517 1541
1518 1542
1519 1543
1520 1544
1521 1545
1522 1546
1523 1547
1524 1548
1525 1549
1526 1550
1527 1551
1528 1552
1529 1553
1530 1554
1531 1555
1532 1556
1533 1557
1534 1558
1535 1559
1536 1560
1537 1561
1538 1562
1539 1563
1540 1564
1541 1565
1542 1566
1543 1567
1544 1568
1545 1569
1546 1570
1547 1571
1548 1572
1549 1573
1550 1574
1551 1575
1552 1576
1553 1577
1554 1578
1555 1579
1556 1580
1557 1581
1558 1582
1559 1583
1560 1584
1561 1585
1562 1586
1563 1587
1564 1588
1565 1589
1566 1590
1567 1591
1568 1592
1569 1593
1570 1594
1571 1595
1572 1596
1573 1597
1574 1598 1599
1575 1600
1576 1601
1577 1602
1578 1603
1579 1604
1580 1605
1581 1606
1582 1607
1583 1608
1584 1609
1585 1610
1586 1611
1587 1612
1588 1613
1589 1614
1590 1615
1591 1616
1592 1617
1593 1618
1594 1619
1595 1620
1596 1621
1597 1622
1598 1623
1599 1624
1600 1625
1601 1626
1602 1627
1603 1628
1604 1629
1605 1630
1606 1631
1607 1632
1608 1633
1609 1634
1610 1635
1611 1636
1612 1637
1613 1638
1614 1639
1615 1640
1616 1641
1617 1642
1618 1643
1619 1644
1620 1645
1621 1646
1622 1647
1623 1648
1624 1649
1625 1650
1626 1651
1627 1652
1628 1653
1629 1654
1630 1655 1656
1631 1657
1632 1658
1633 1659
1634 1660
1635 1661
1636 1662
1637 1663
1638 1664
1639 1665
1640 1666
1641 1667
1642 1668
1643 1669
1644 1670
1645 1671
1646 1672
1647 1673
1648 1674
1649 1675
1650 1676
1651 1677
1652 1678
1653 1679
1654 1680
1655 1681
1656 1682
1657 1683
1658 1684
1659 1685
1660 1686
1661 1687
1662 1688
1663 1689
1664 1690
1665 1691
1666 1692
1667 1693
1668 1694
1669 1695
1670 1696
1671 1697
1672 1698
1673 1699
1674 1700
1675 1701
1676 1702
1677 1703
1678 1704
1679 1705
1680 1706
1681 1707
1682 1708
1683 1709
1684 1710
1685 1711
1686 1712
1687 1713
1688 1714
1689 1715
1690 1716
1691 1717
1692 1718
1693 1719
1694 1720
1695 1721
1696 1722
1697 1723
1698 1724
1699 1725
1700 1726
1701 1727
1702 1728
1703 1729
1704 1730 1731
1705 1732
1706 1733
1707 1734
1708 1735
1709 1736
1710 1737
1711 1738
1712 1739
1713 1740
1714 1741
1715 1742
1716 1743
1717 1744
1718 1745
1719 1746
1720 1747
1721 1748
1722 1749
1723 1750
1724 1751
1725 1752
1726 1753
1727 1754
1728 1755
1729 1756
1730 1757
1731 1758
1732 1759
1733 1760
1734 1761 1762
1735 1763
1736 1764
1737 1765
1738 1766
1739 1767
1740 1768
1741 1769
1742 1770
1743 1771
1744 1772
1745 1773
1746 1774
1747 1775
1748 1776
1749 1777
1750 1778
1751 1779
1752 1780
1753 1781
1754 1782
1755 1783
1756 1784
1757 1785
1758 1786
1759 1787
1760 1788
1761 1789
1762 1790
1763 1791
1764 1792
1765 1793
1766 1794
1767 1795
1768 1796
1769 1797
1770 1798
1771 1799
1772 1800
1773 1801
1774 1802
1775 1803
1776 1804
1777 1805
1778 1806
1779 1807
1780 1808
1781 1809
1782 1810
1783 1811
1784 1812
1785 1813
1786 1814
1787 1815
1788 1816
1789 1817
1790 1818
1791 1819
1792 1820
1793 1821
1794 1822
1795 1823
1796 1824
1797 1825
1798 1826
1799 1827
1800 1828
1801 1829
1802 1830
1803 1831
1804 1832
1805 1833
1806 1834
1807 1835
1808 1836
1809 1837
1810 1838
1811 1839
1812 1840
1813 1841
1814 1842
1815 1843
1816 1844
1817 1845
1818 1846
1819 1847
1820 1848
1821 1849
1822 1850
1823 1851
1824 1852
1825 1853
1826 1854
1827 1855
1828 1856
1829 1857
1830 1858
1831 1859
1832 1860
1833 1861
1834 1862
1835 1863
1836 1864
1837 1865
1838 1866
1839 1867
1840 1868
1841 1869
1842 1870
1843 1871
1844 1872
1845 1873
1846 1874
1847 1875
1848 1876
1849 1877
1850 1878
1851 1879
1852 1880
1853 1881
1854 1882
1855 1883
1856 1884
1857 1885
1858 1886
1859 1887
1860 1888
1861 1889
1862 1890
1863 1891
1864 1892
1865 1893
1866 1894
1867 1895
1868 1896
1869 1897
1870 1898
1871 1899
1872 1900
1873 1901
1874 1902
1875 1903
1876 1904
1877 1905
1878 1906
1879 1907
1880 1908
1881 1909
1882 1910
1883 1911
1884 1912
1885 1913
1886 1914
1887 1915
1888 1916
1889 1917
1890 1918
1891 1919
1892 1920
1893 1921
1894 1922
1895 1923
1896 1924
1897 1925
1898 1926
1899 1927
1900 1928
1901 1929
1902 1930
1903 1931 1932
1904 1933
1905 1934
1906 1935
1907 1936
1908 1937
1909 1938
1910 1939
1911 1940
1912 1941
1913 1942
1914 1943
1915 1944
1916 1945
1917 1946
1918 1947
1919 1948
1920 1949
1921 1950
1922 1951
1923 1952
1924 1953
1925 1954
1926 1955
1927 1956
1928 1957
1929 1958
1930 1959
1931 1960
1932 1961
1933 1962
1934 1963
1935 1964
1936 1965
1937 1966
1938 1967
1939 1968
1940 1969
1941 1970
1942 1971
1943 1972
1944 1973
1945 1974
1946 1975
1947 1976
1948 1977
1949 1978
1950 1979
1951 1980
1952 1981
1953 1982
1954 1983
1955 1984
1956 1985
1957 1986
1958 1987
1959 1988
1960 1989
1961 1990
1962 1991
1963 1992
1964 1993
1965 1994
1966 1995
1967 1996
1968 1997
1969 1998
1970 1999
1971 2000
1972 2001
1973 2002
1974 2003
1975 2004
1976 2005
1977 2006
1978 2007
1979 2008
1980 2009
1981 2010
1982 2011
1983 2012
1984 2013
1985 2014
1986 2015
1987 2016
1988 2017
1989 2018
1990 2019
1991 2020
1992 2021
1993 2022
1994 2023
1995 2024
1996 2025
1997 2026
1998 2027
1999 2028
2000 2029
2001 2030
2002 2031
2003 2032
2004 2033
2005 2034
2006 2035 2036
2007 2037
2008 2038
2009 2039
2010 2040
2011 2041
2012 2042
2013 2043
2014 2044
2015 2045
2016 2046
2017 2047
2018 2048
2019 2049
2020 2050
2021 2051
2022 2052
2023 2053
2024 2054
2025 2055
2026 2056
2027 2057
2028 2058
2029 2059
2030 2060
2031 2061
2032 2062
2033 2063
2034 2064
2035 2065
2036 2066
2037 2067
2038 2068
2039 2069
2040 2070
2041 2071
2042 2072
2043 2073
2044 2074
2045 2075
2046 2076
2047 2077
2048 2078
2049 2079
2050 2080
2051 2081
2052 2082
2053 2083
2054 2084
2055 2085
2056 2086
2057 2087
2058 2088
2059 2089
2060 2090
2061 2091
2062 2092 2093
2063 2094
2064 2095
2065 2096
2066 2097
2067 2098
2068 2099
2069 2100
2070 2101
2071 2102
2072 2103
2073 2104
2074 2105
2075 2106
2076 2107
2077 2108
2078 2109
2079 2110
2080 2111
2081 2112
2082 2113 2114
2083 2115
2084 2116
2085 2117
2086 2118
2087 2119
2088 2120
2089 2121
2090 2122
2091 2123
2092 2124
2093 2125
2094 2126
2095 2127
2096 2128
2097 2129
2098 2130
2099 2131
2100 2132
2101 2133
2102 2134
2103 2135
2104 2136
2105 2137
2106 2138
2107 2139
2108 2140
2109 2141
2110 2142
2111 2143
2112 2144
2113 2145
2114 2146
2115 2147
2116 2148
2117 2149
2118 2150
2119 2151
2120 2152 2153
2121 2154
2122 2155
2123 2156
2124 2157
2125 2158
2126 2159
2127 2160
2128 2161
2129 2162
2130 2163
2131 2164
2132 2165
2133 2166
2134 2167
2135 2168
2136 2169
2137 2170
2138 2171
2139 2172
2140 2173
2141 2174
2142 2175
2143 2176
2144 2177
2145 2178
2146 2179
2147 2180
2148 2181
2149 2182
2150 2183
2151 2184
2152 2185
2153 2186
2154 2187
2155 2188
2156 2189
2157 2190
2158 2191
2159 2192
2160 2193
2161 2194
2162 2195
2163 2196
2164 2197
2165 2198
2166 2199
2167 2200
2168 2201
2169 2202
2170 2203
2171 2204
2172 2205
2173 2206
2174 2207
2175 2208
2176 2209
2177 2210
2178 2211
2179 2212
2180 2213
2181 2214
2182 2215
2183 2216
2184 2217
2185 2218
2186 2219
2187 2220
2188 2221
2189 2222
2190 2223
2191 2224
2192 2225
2193 2226
2194 2227
2195 2228
2196 2229
2197 2230
2198 2231
2199 2232
2200 2233
2201 2234
2202 2235
2203 2236
2204 2237
2205 2238
2206 2239
2207 2240
2208 2241
2209 2242
2210 2243
2211 2244
2212 2245
2213 2246
2214 2247
2215 2248
2216 2249
2217 2250
2218 2251
2219 2252
2220 2253
2221 2254
2222 2255
2223 2256
2224 2257
2225 2258
2226 2259
2227 2260
2228 2261
2229 2262
2230 2263
2231 2264
2232 2265
2233 2266
2234 2267
2235 2268
2236 2269
2237 2270
2238 2271
2239 2272
2240 2273
2241 2274
2242 2275
2243 2276
2244 2277
2245 2278
2246 2279
2247 2280
2248 2281
2249 2282
2250 2283
2251 2284
2252 2285
2253 2286
2254 2287
2255 2288
2256 2289
2257 2290
2258 2291
2259 2292
2260 2293
2261 2294
2262 2295
2263 2296
2264 2297
2265 2298
2266 2299
2267 2300
2268 2301
2269 2302
2270 2303
2271 2304
2272 2305
2273 2306
2274 2307
2275 2308
2276 2309
2277 2310
2278 2311
2279 2312
2280 2313
2281 2314
2282 2315
2283 2316
2284 2317
2285 2318
2286 2319
2287 2320
2288 2321
2289 2322
2290 2323
2291 2324
2292 2325
2293 2326
2294 2327
2295 2328
2296 2329
2297 2330
2298 2331
2299 2332
2300 2333
2301 2334
2302 2335
2303 2336
2304 2337
2305 2338
2306 2339
2307 2340
2308 2341
2309 2342
2310 2343
2311 2344
2312 2345
2313 2346
2314 2347
2315 2348
2316 2349
2317 2350
2318 2351
2319 2352
2320 2353
2321 2354
2322 2355
2323 2356
2324 2357
2325 2358
2326 2359
2327 2360
2328 2361
2329 2362
2330 2363
2331 2364
2332 2365
2333 2366 2367
2334 2368
2335 2369
2336 2370
2337 2371
2338 2372
2339 2373
2340 2374
2341 2375
2342 2376
2343 2377
2344 2378
2345 2379
2346 2380
2347 2381
2348 2382
2349 2383
2350 2384
2351 2385
2352 2386
2353 2387
2354 2388
2355 2389
2356 2390
2357 2391
2358 2392
2359 2393
2360 2394
2361 2395
2362 2396
2363 2397
2364 2398
2365 2399
2366 2400
2367 2401
2368 2402
2369 2403
2370 2404
2371 2405
2372 2406
2373 2407
2374 2408
2375 2409
2376 2410
2377 2411
2378 2412
2379 2413
2380 2414
2381 2415
2382 2416
2383 2417
2384 2418
2385 2419
2386 2420
2387 2421
2388 2422
2389 2423
2390 2424
2391 2425
2392 2426
2393 2427
2394 2428 2429
2395 2430
2396 2431
2397 2432
2398 2433
2399 2434
2400 2435
2401 2436
2402 2437
2403 2438
2404 2439
2405 2440
2406 2441
2407 2442
2408 2443
2409 2444
2410 2445
2411 2446 2447
2412 2448
2413 2449
2414 2450
2415 2451
2416 2452
2417 2453
2418 2454
2419 2455
2420 2456
2421 2457
2422 2458
2423 2459
2424 2460
2425 2461
2426 2462
2427 2463
2428 2464
2429 2465
2430 2466
2431 2467
2432 2468
2433 2469
2434 2470
2435 2471
2436 2472
2437 2473
2438 2474
2439 2475
2440 2476
2441 2477
2442 2478
2443 2479
2444 2480
2445 2481
2446 2482
2447 2483 2484
2448 2485
2449 2486
2450 2487
2451 2488
2452 2489
2453 2490
2454 2491
2455 2492
2456 2493
2457 2494
2458 2495
2459 2496
2460 2497
2461 2498
2462 2499
2463 2500
2464 2501
2465 2502
2466 2503
2467 2504
2468 2505
2469 2506
2470 2507
2471 2508
2472 2509
2473 2510
2474 2511
2475 2512
2476 2513
2477 2514
2478 2515
2479 2516
2480 2517
2481 2518
2482 2519
2483 2520
2484 2521
2485 2522
2486 2523 2524
2487 2525
2488 2526
2489 2527
2490 2528
2491 2529
2492 2530
2493 2531
2494 2532
2495 2533
2496 2534
2497 2535
2498 2536 2537
2499 2538
2500 2539
2501 2540
2502 2541
2503 2542
2504 2543
2505 2544
2506 2545
2507 2546
2508 2547
2509 2548
2510 2549
2511 2550
2512 2551
2513 2552
2514 2553
2515 2554
2516 2555
2517 2556
2518 2557
2519 2558
2520 2559
2521 2560
2522 2561
2523 2562
2524 2563
2525 2564
2526 2565
2527 2566
2528 2567
2529 2568
2530 2569
2531 2570
2532 2571
2533 2572
2534 2573
2535 2574
2536 2575
2537 2576
2538 2577
2539 2578
2540 2579
2541 2580
2542 2581
2543 2582
2544 2583
2545 2584
2546 2585
2547 2586
2548 2587
2549 2588
2550 2589
2551 2590
2552 2591
2553 2592
2554 2593
2555 2594
2556 2595
2557 2596
2558 2597
2559 2598
2560 2599
2561 2600
2562 2601
2563 2602
2564 2603
2565 2604
2566 2605
2567 2606
2568 2607
2569 2608
2570 2609
2571 2610
2572 2611
2573 2612
2574 2613
2575 2614
2576 2615
2577 2616
2578 2617
2579 2618
2580 2619
2581 2620
2582 2621
2583 2622
2584 2623
2585 2624
2586 2625
2587 2626
2588 2627
2589 2628
2590 2629
2591 2630
2592 2631
2593 2632
2594 2633
2595 2634
2596 2635
2597 2636
2598 2637
2599 2638
2600 2639
2601 2640
2602 2641
2603 2642
2604 2643
2605 2644
2606 2645
2607 2646
2608 2647
2609 2648
2610 2649
2611 2650
2612 2651
2613 2652
2614 2653
2615 2654
2616 2655
2617 2656
2618 2657
2619 2658
2620 2659
2621 2660
2622 2661
2623 2662
2624 2663
2625 2664
2626 2665
2627 2666
2628 2667
2629 2668
2630 2669
2631 2670
2632 2671
2633 2672
2634 2673
2635 2674
2636 2675
2637 2676
2638 2677
2639 2678
2640 2679
2641 2680
2642 2681
2643 2682
2644 2683
2645 2684
2646 2685
2647 2686
2648 2687
2649 2688
2650 2689
2651 2690 2691
2652 2692
2653 2693
2654 2694
2655 2695
2656 2696
2657 2697
2658 2698
2659 2699
2660 2700
2661 2701
2662 2702
2663 2703
2664 2704
2665 2705
2666 2706
2667 2707
2668 2708
2669 2709
2670 2710
2671 2711
2672 2712
2673 2713
2674 2714
2675 2715
2676 2716
2677 2717
2678 2718
2679 2719
2680 2720
2681 2721
2682 2722
2683 2723
2684 2724
2685 2725
2686 2726
2687 2727
2688 2728
2689 2729
2690 2730
2691 2731
2692 2732
2693 2733
2694 2734
2695 2735
2696 2736
2697 2737
2698 2738
2699 2739
2700 2740
2701 2741
2702 2742
2703 2743
2704 2744
2705 2745
2706 2746
2707 2747
2708 2748
2709 2749
2710 2750
2711 2751
2712 2752
2713 2753
2714 2754
2715 2755
2716 2756
2717 2757
2718 2758
2719 2759
2720 2760
2721 2761
2722 2762
2723 2763
2724 2764
2725 2765
2726 2766
2727 2767
2728 2768
2729 2769
2730 2770
2731 2771
2732 2772
2733 2773
2734 2774
2735 2775
2736 2776
2737 2777
2738 2778
2739 2779
2740 2780
2741 2781
2742 2782
2743 2783
2744 2784
2745 2785
2746 2786
2747 2787
2748 2788
2749 2789
2750 2790
2751 2791
2752 2792
2753 2793
2754 2794
2755 2795
2756 2796
2757 2797
2758 2798
2759 2799
2760 2800
2761 2801
2762 2802
2763 2803
2764 2804
2765 2805
2766 2806
2767 2807
2768 2808
2769 2809
2770 2810
2771 2811
2772 2812
2773 2813
2774 2814
2775 2815
2776 2816
2777 2817
2778 2818
2779 2819
2780 2820
2781 2821
2782 2822
2783 2823
2784 2824
2785 2825
2786 2826
2787 2827
2788 2828
2789 2829
2790 2830
2791 2831
2792 2832
2793 2833
2794 2834
2795 2835
2796 2836
2797 2837
2798 2838
2799 2839
2800 2840
2801 2841
2802 2842
2803 2843
2804 2844
2805 2845
2806 2846
2807 2847
2808 2848
2809 2849
2810 2850
2811 2851
2812 2852
2813 2853
2814 2854
2815 2855
2816 2856
2817 2857
2818 2858
2819 2859
2820 2860
2821 2861
2822 2862
2823 2863
2824 2864
2825 2865
2826 2866
2827 2867
2828 2868
2829 2869
2830 2870
2831 2871
2832 2872
2833 2873
2834 2874
2835 2875
2836 2876
2837 2877
2838 2878
2839 2879
2840 2880
2841 2881
2842 2882
2843 2883
2844 2884
2845 2885
2846 2886
2847 2887
2848 2888
2849 2889
2850 2890
2851 2891
2852 2892
2853 2893
2854 2894
2855 2895
2856 2896
2857 2897
2858 2898
2859 2899
2860 2900
2861 2901
2862 2902
2863 2903
2864 2904
2865 2905
2866 2906
2867 2907
2868 2908
2869 2909
2870 2910
2871 2911
2872 2912
2873 2913
2874 2914
2875 2915
2876 2916
2877 2917
2878 2918
2879 2919
2880 2920
2881 2921
2882 2922
2883 2923
2884 2924
2885 2925
2886 2926
2887 2927
2888 2928
2889 2929
2890 2930
2891 2931
2892 2932
2893 2933
2894 2934
2895 2935
2896 2936
2897 2937
2898 2938
2899 2939
2900 2940
2901 2941
2902 2942
2903 2943
2904 2944
2905 2945
2906 2946
2907 2947
2908 2948
2909 2949
2910 2950
2911 2951
2912 2952
2913 2953
2914 2954
2915 2955
2916 2956
2917 2957
2918 2958
2919 2959
2920 2960
2921 2961
2922 2962
2923 2963
2924 2964
2925 2965
2926 2966
2927 2967
2928 2968
2929 2969
2930 2970
2931 2971
2932 2972
2933 2973
2934 2974
2935 2975
2936 2976
2937 2977
2938 2978
2939 2979
2940 2980
2941 2981 2982
2942 2983
2943 2984
2944 2985 2986
2945 2987
2946 2988
2947 2989
2948 2990
2949 2991
2950 2992
2951 2993
2952 2994
2953 2995
2954 2996
2955 2997
2956 2998
2957 2999
2958 3000
2959 3001
2960 3002
2961 3003
2962 3004
2963 3005
2964 3006
2965 3007
2966 3008
2967 3009
2968 3010
2969 3011
2970 3012
2971 3013 3014
2972 3015
2973 3016
2974 3017
2975 3018
2976 3019
2977 3020
2978 3021
2979 3022
2980 3023
2981 3024
2982 3025
2983 3026
2984 3027
2985 3028
2986 3029
2987 3030
2988 3031
2989 3032 3033
2990 3034
2991 3035
2992 3036
2993 3037
2994 3038
2995 3039
2996 3040
2997 3041
2998 3042
2999 3043
3000 3044
3001 3045
3002 3046
3003 3047
3004 3048
3005 3049
3006 3050
3007 3051
3008 3052
3009 3053
3010 3054
3011 3055
3012 3056
3013 3057
3014 3058
3015 3059
3016 3060
3017 3061
3018 3062
3019 3063 3064
3020 3065
3021 3066
3022 3067
3023 3068
3024 3069
3025 3070
3026 3071
3027 3072
3028 3073
3029 3074
3030 3075
3031 3076
3032 3077
3033 3078
3034 3079
3035 3080
3036 3081
3037 3082
3038 3083
3039 3084
3040 3085
3041 3086
3042 3087
3043 3088
3044 3089
3045 3090
3046 3091
3047 3092
3048 3093
3049 3094
3050 3095
3051 3096
3052 3097
3053 3098
3054 3099
3055 3100
3056 3101
3057 3102
3058 3103
3059 3104
3060 3105
3061 3106 3107
3062 3108
3063 3109
3064 3110
3065 3111
3066 3112
3067 3113
3068 3114
3069 3115
3070 3116
3071 3117
3072 3118
3073 3119
3074 3120
3075 3121
3076 3122
3077 3123
3078 3124
3079 3125
3080 3126
3081 3127
3082 3128
3083 3129
3084 3130
3085 3131
3086 3132
3087 3133
3088 3134
3089 3135
3090 3136
3091 3137
3092 3138
3093 3139
3094 3140
3095 3141
3096 3142
3097 3143
3098 3144
3099 3145
3100 3146
3101 3147
3102 3148
3103 3149
3104 3150
3105 3151
3106 3152 3153
3107 3154
3108 3155
3109 3156
3110 3157
3111 3158
3112 3159
3113 3160
3114 3161
3115 3162
3116 3163
3117 3164
3118 3165
3119 3166
3120 3167
3121 3168
3122 3169
3123 3170
3124 3171
3125 3172
3126 3173
3127 3174
3128 3175
3129 3176
3130 3177
3131 3178
3132 3179
3133 3180
3134 3181
3135 3182
3136 3183
3137 3184
3138 3185
3139 3186
3140 3187
3141 3188
3142 3189
3143 3190
3144 3191 3192
3145 3193
3146 3194
3147 3195
3148 3196
3149 3197
3150 3198
3151 3199
3152 3200
3153 3201
3154 3202
3155 3203
3156 3204
3157 3205
3158 3206
3159 3207
3160 3208
3161 3209
3162 3210
3163 3211
3164 3212
3165 3213
3166 3214
3167 3215
3168 3216
3169 3217
3170 3218
3171 3219
3172 3220
3173 3221
3174 3222
3175 3223
3176 3224
3177 3225
3178 3226
3179 3227
3180 3228
3181 3229
3182 3230
3183 3231
3184 3232
3185 3233
3186 3234
3187 3235
3188 3236
3189 3237
3190 3238
3191 3239
3192 3240
3193 3241
3194 3242
3195 3243
3196 3244
3197 3245
3198 3246
3199 3247
3200 3248
3201 3249
3202 3250
3203 3251
3204 3252
3205 3253
3206 3254
3207 3255
3208 3256
3209 3257
3210 3258
3211 3259
3212 3260
3213 3261
3214 3262
3215 3263
3216 3264
3217 3265
3218 3266
3219 3267
3220 3268
3221 3269
3222 3270
3223 3271
3224 3272
3225 3273
3226 3274
3227 3275
3228 3276
3229 3277
3230 3278
3231 3279
3232 3280
3233 3281
3234 3282
3235 3283
3236 3284
3237 3285
3238 3286
3239 3287
3240 3288
3241 3289
3242 3290
3243 3291
3244 3292
3245 3293
3246 3294
3247 3295
3248 3296
3249 3297
3250 3298
3251 3299
3252 3300
3253 3301
3254 3302
3255 3303
3256 3304
3257 3305
3258 3306
3259 3307
3260 3308
3261 3309
3262 3310
3263 3311
3264 3312
3265 3313
3266 3314
3267 3315
3268 3316
3269 3317
3270 3318
3271 3319
3272 3320
3273 3321
3274 3322
3275 3323
3276 3324
3277 3325 3326
3278 3327
3279 3328
3280 3329
3281 3330
3282 3331
3283 3332
3284 3333
3285 3334
3286 3335
3287 3336
3288 3337
3289 3338
3290 3339
3291 3340
3292 3341
3293 3342
3294 3343
3295 3344
3296 3345
3297 3346
3298 3347
3299 3348
3300 3349
3301 3350
3302 3351
3303 3352
3304 3353
3305 3354
3306 3355
3307 3356
3308 3357
3309 3358
3310 3359
3311 3360
3312 3361
3313 3362
3314 3363
3315 3364
3316 3365
3317 3366
3318 3367
3319 3368
3320 3369
3321 3370
3322 3371
3323 3372
3324 3373
3325 3374
3326 3375
3327 3376
3328 3377
3329 3378
3330 3379
3331 3380
3332 3381
3333 3382
3334 3383 3384
3335 3385
3336 3386
3337 3387
3338 3388
3339 3389
3340 3390
3341 3391
3342 3392
3343 3393
3344 3394
3345 3395
3346 3396
3347 3397
3348 3398
3349 3399
3350 3400
3351 3401
3352 3402
3353 3403
3354 3404
3355 3405
3356 3406
3357 3407
3358 3408
3359 3409
3360 3410
3361 3411
3362 3412
3363 3413
3364 3414
3365 3415
3366 3416
3367 3417
3368 3418
3369 3419
3370 3420
3371 3421
3372 3422
3373 3423
3374 3424
3375 3425
3376 3426
3377 3427
3378 3428 3429
3379 3430
3380 3431
3381 3432
3382 3433
3383 3434
3384 3435
3385 3436
3386 3437
3387 3438
3388 3439
3389 3440
3390 3441
3391 3442
3392 3443
3393 3444
3394 3445
3395 3446
3396 3447
3397 3448
3398 3449
3399 3450
3400 3451
3401 3452
3402 3453
3403 3454
3404 3455
3405 3456
3406 3457
3407 3458
3408 3459
3409 3460
3410 3461
3411 3462
3412 3463
3413 3464
3414 3465
3415 3466
3416 3467
3417 3468
3418 3469
3419 3470
3420 3471
3421 3472
3422 3473
3423 3474
3424 3475
3425 3476
3426 3477
3427 3478
3428 3479
3429 3480
3430 3481
3431 3482
3432 3483
3433 3484
3434 3485
3435 3486
3436 3487
3437 3488
3438 3489
3439 3490
3440 3491
3441 3492
3442 3493
3443 3494
3444 3495
3445 3496
3446 3497
3447 3498
3448 3499
3449 3500
3450 3501
3451 3502
3452 3503
3453 3504
3454 3505
3455 3506
3456 3507
3457 3508
3458 3509
3459 3510
3460 3511
3461 3512
3462 3513
3463 3514
3464 3515
3465 3516
3466 3517
3467 3518
3468 3519
3469 3520
3470 3521
3471 3522
3472 3523
3473 3524
3474 3525
3475 3526
3476 3527
3477 3528
3478 3529
3479 3530
3480 3531
3481 3532
3482 3533
3483 3534
3484 3535
3485 3536 3537
3486 3538
3487 3539
3488 3540
3489 3541
3490 3542
3491 3543 3544
3492 3545
3493 3546
3494 3547
3495 3548
3496 3549
3497 3550
3498 3551
3499 3552
3500 3553
3501 3554 3555
3502 3556
3503 3557
3504 3558
3505 3559
3506 3560
3507 3561
3508 3562
3509 3563
3510 3564
3511 3565
3512 3566
3513 3567
3514 3568
3515 3569
3516 3570
3517 3571
3518 3572
3519 3573
3520 3574
3521 3575
3522 3576
3523 3577
3524 3578
3525 3579
3526 3580
3527 3581
3528 3582
3529 3583
3530 3584
3531 3585
3532 3586
3533 3587
3534 3588
3535 3589
3536 3590
3537 3591
3538 3592
3539 3593
3540 3594
3541 3595
3542 3596
3543 3597
3544 3598
3545 3599
3546 3600
3547 3601
3548 3602
3549 3603
3550 3604
3551 3605
3552 3606
3553 3607
3554 3608
3555 3609
3556 3610
3557 3611
3558 3612
3559 3613
3560 3614
3561 3615
3562 3616
3563 3617
3564 3618
3565 3619
3566 3620
3567 3621
3568 3622
3569 3623
3570 3624
3571 3625 3626
3572 3627
3573 3628
3574 3629
3575 3630
3576 3631
3577 3632
3578 3633
3579 3634
3580 3635
3581 3636
3582 3637
3583 3638
3584 3639
3585 3640
3586 3641
3587 3642
3588 3643
3589 3644
3590 3645
3591 3646
3592 3647
3593 3648
3594 3649
3595 3650
3596 3651
3597 3652
3598 3653
3599 3654
3600 3655
3601 3656
3602 3657
3603 3658
3604 3659
3605 3660
3606 3661
3607 3662
3608 3663
3609 3664
3610 3665
3611 3666
3612 3667
3613 3668
3614 3669
3615 3670
3616 3671
3617 3672
3618 3673
3619 3674
3620 3675
3621 3676
3622 3677
3623 3678
3624 3679
3625 3680
3626 3681
3627 3682
3628 3683
3629 3684
3630 3685
3631 3686
3632 3687
3633 3688
3634 3689
3635 3690
3636 3691
3637 3692
3638 3693
3639 3694
3640 3695
3641 3696
3642 3697
3643 3698
3644 3699
3645 3700
3646 3701
3647 3702
3648 3703
3649 3704
3650 3705
3651 3706
3652 3707
3653 3708
3654 3709
3655 3710
3656 3711
3657 3712
3658 3713
3659 3714
3660 3715
3661 3716
3662 3717
3663 3718
3664 3719
3665 3720
3666 3721
3667 3722
3668 3723
3669 3724
3670 3725
3671 3726
3672 3727
3673 3728
3674 3729
3675 3730
3676 3731
3677 3732
3678 3733
3679 3734
3680 3735
3681 3736
3682 3737
3683 3738
3684 3739
3685 3740
3686 3741
3687 3742
3688 3743
3689 3744
3690 3745
3691 3746
3692 3747
3693 3748
3694 3749
3695 3750
3696 3751
3697 3752
3698 3753
3699 3754
3700 3755
3701 3756
3702 3757
3703 3758
3704 3759
3705 3760
3706 3761
3707 3762
3708 3763
3709 3764
3710 3765
3711 3766
3712 3767
3713 3768
3714 3769
3715 3770
3716 3771
3717 3772
3718 3773
3719 3774
3720 3775
3721 3776
3722 3777
3723 3778
3724 3779
3725 3780
3726 3781
3727 3782
3728 3783
3729 3784
3730 3785
3731 3786
3732 3787
3733 3788
3734 3789
3735 3790
3736 3791 3792
3737 3793
3738 3794
3739 3795
3740 3796
3741 3797
3742 3798
3743 3799
3744 3800
3745 3801
3746 3802
3747 3803
3748 3804
3749 3805
3750 3806
3751 3807
3752 3808
3753 3809
3754 3810
3755 3811
3756 3812
3757 3813
3758 3814
3759 3815
3760 3816
3761 3817
3762 3818
3763 3819
3764 3820
3765 3821
3766 3822
3767 3823
3768 3824
3769 3825
3770 3826
3771 3827
3772 3828
3773 3829
3774 3830
3775 3831 3832
3776 3833
3777 3834
3778 3835
3779 3836
3780 3837
3781 3838
3782 3839
3783 3840
3784 3841
3785 3842
3786 3843
3787 3844
3788 3845
3789 3846
3790 3847
3791 3848
3792 3849
3793 3850
3794 3851
3795 3852
3796 3853
3797 3854
3798 3855
3799 3856
3800 3857
3801 3858
3802 3859
3803 3860
3804 3861
3805 3862
3806 3863
3807 3864
3808 3865
3809 3866
3810 3867
3811 3868
3812 3869
3813 3870
3814 3871
3815 3872
3816 3873
3817 3874
3818 3875
3819 3876
3820 3877
3821 3878 3879
3822 3880
3823 3881
3824 3882
3825 3883
3826 3884
3827 3885
3828 3886
3829 3887
3830 3888
3831 3889
3832 3890
3833 3891
3834 3892
3835 3893
3836 3894
3837 3895
3838 3896
3839 3897
3840 3898
3841 3899
3842 3900
3843 3901
3844 3902
3845 3903
3846 3904
3847 3905
3848 3906
3849 3907
3850 3908
3851 3909
3852 3910
3853 3911
3854 3912
3855 3913
3856 3914
3857 3915
3858 3916
3859 3917
3860 3918
3861 3919
3862 3920
3863 3921
3864 3922
3865 3923
3866 3924
3867 3925
3868 3926
3869 3927
3870 3928
3871 3929
3872 3930
3873 3931
3874 3932
3875 3933
3876 3934
3877 3935
3878 3936
3879 3937
3880 3938
3881 3939
3882 3940
3883 3941 3942
3884 3943
3885 3944
3886 3945
3887 3946
3888 3947
3889 3948
3890 3949
3891 3950
3892 3951
3893 3952
3894 3953
3895 3954
3896 3955
3897 3956
3898 3957
3899 3958
3900 3959
3901 3960
3902 3961
3903 3962
3904 3963
3905 3964
3906 3965
3907 3966
3908 3967
3909 3968
3910 3969
3911 3970
3912 3971
3913 3972
3914 3973
3915 3974
3916 3975
3917 3976
3918 3977
3919 3978
3920 3979
3921 3980
3922 3981
3923 3982
3924 3983
3925 3984
3926 3985
3927 3986
3928 3987
3929 3988
3930 3989
3931 3990 3991
3932 3992
3933 3993
3934 3994
3935 3995
3936 3996
3937 3997
3938 3998
3939 3999
3940 4000
3941 4001
3942 4002
3943 4003
3944 4004
3945 4005
3946 4006
3947 4007
3948 4008
3949 4009
3950 4010
3951 4011
3952 4012
3953 4013
3954 4014
3955 4015
3956 4016
3957 4017
3958 4018
3959 4019
3960 4020
3961 4021
3962 4022
3963 4023
3964 4024
3965 4025
3966 4026
3967 4027
3968 4028
3969 4029
3970 4030
3971 4031
3972 4032
3973 4033
3974 4034
3975 4035
3976 4036
3977 4037
3978 4038
3979 4039
3980 4040
3981 4041
3982 4042
3983 4043
3984 4044
3985 4045
3986 4046
3987 4047
3988 4048 4049
3989 4050
3990 4051
3991 4052
3992 4053
3993 4054
3994 4055
3995 4056
3996 4057
3997 4058
3998 4059
3999 4060
4000 4061
4001 4062
4002 4063
4003 4064
4004 4065
4005 4066
4006 4067
4007 4068
4008 4069
4009 4070
4010 4071
4011 4072
4012 4073
4013 4074
4014 4075
4015 4076
4016 4077
4017 4078
4018 4079
4019 4080
4020 4081
4021 4082
4022 4083
4023 4084
4024 4085
4025 4086
4026 4087
4027 4088
4028 4089
4029 4090
4030 4091
4031 4092
4032 4093
4033 4094
4034 4095
4035 4096
4036 4097
4037 4098
4038 4099
4039 4100
4040 4101
4041 4102
4042 4103
4043 4104
4044 4105
4045 4106
4046 4107
4047 4108
4048 4109
4049 4110
4050 4111
4051 4112
4052 4113
4053 4114
4054 4115
4055 4116
4056 4117
4057 4118
4058 4119
4059 4120
4060 4121
4061 4122
4062 4123
4063 4124
4064 4125
4065 4126
4066 4127
4067 4128
4068 4129
4069 4130
4070 4131
4071 4132
4072 4133
4073 4134
4074 4135
4075 4136
4076 4137
4077 4138
4078 4139
4079 4140
4080 4141
4081 4142
4082 4143
4083 4144
4084 4145
4085 4146
4086 4147
4087 4148
4088 4149
4089 4150
4090 4151
4091 4152
4092 4153
4093 4154
4094 4155
4095 4156
4096 4157
4097 4158
4098 4159
4099 4160
4100 4161
4101 4162
4102 4163
4103 4164
4104 4165
4105 4166
4106 4167
4107 4168
4108 4169
4109 4170
4110 4171
4111 4172
4112 4173
4113 4174
4114 4175
4115 4176
4116 4177
4117 4178
4118 4179
4119 4180
4120 4181
4121 4182
4122 4183
4123 4184
4124 4185
4125 4186
4126 4187
4127 4188
4128 4189
4129 4190
4130 4191
4131 4192
4132 4193
4133 4194
4134 4195
4135 4196
4136 4197
4137 4198
4138 4199
4139 4200
4140 4201
4141 4202
4142 4203
4143 4204
4144 4205
4145 4206
4146 4207
4147 4208
4148 4209
4149 4210
4150 4211
4151 4212
4152 4213
4153 4214 4215
4154 4216
4155 4217
4156 4218
4157 4219
4158 4220
4159 4221
4160 4222
4161 4223
4162 4224
4163 4225
4164 4226
4165 4227
4166 4228
4167 4229
4168 4230
4169 4231
4170 4232
4171 4233
4172 4234
4173 4235
4174 4236
4175 4237
4176 4238
4177 4239
4178 4240
4179 4241
4180 4242
4181 4243
4182 4244
4183 4245
4184 4246
4185 4247
4186 4248
4187 4249
4188 4250
4189 4251
4190 4252
4191 4253
4192 4254
4193 4255
4194 4256
4195 4257
4196 4258
4197 4259
4198 4260
4199 4261
4200 4262
4201 4263
4202 4264
4203 4265
4204 4266
4205 4267
4206 4268
4207 4269
4208 4270
4209 4271
4210 4272
4211 4273
4212 4274
4213 4275
4214 4276
4215 4277
4216 4278
4217 4279
4218 4280
4219 4281
4220 4282
4221 4283
4222 4284
4223 4285
4224 4286
4225 4287
4226 4288
4227 4289
4228 4290
4229 4291
4230 4292
4231 4293
4232 4294
4233 4295
4234 4296
4235 4297
4236 4298
4237 4299
4238 4300
4239 4301
4240 4302
4241 4303
4242 4304
4243 4305
4244 4306
4245 4307
4246 4308
4247 4309
4248 4310
4249 4311
4250 4312
4251 4313
4252 4314
4253 4315
4254 4316
4255 4317
4256 4318
4257 4319 4320
4258 4321
4259 4322
4260 4323
4261 4324
4262 4325
4263 4326
4264 4327
4265 4328
4266 4329
4267 4330
4268 4331
4269 4332
4270 4333
4271 4334
4272 4335
4273 4336
4274 4337
4275 4338
4276 4339
4277 4340
4278 4341
4279 4342
4280 4343
4281 4344
4282 4345
4283 4346
4284 4347
4285 4348
4286 4349
4287 4350
4288 4351
4289 4352
4290 4353
4291 4354
4292 4355
4293 4356
4294 4357
4295 4358
4296 4359
4297 4360
4298 4361
4299 4362
4300 4363
4301 4364
4302 4365
4303 4366
4304 4367
4305 4368
4306 4369
4307 4370
4308 4371
4309 4372
4310 4373
4311 4374
4312 4375
4313 4376
4314 4377
4315 4378
4316 4379
4317 4380
4318 4381
4319 4382
4320 4383
4321 4384
4322 4385
4323 4386
4324 4387
4325 4388
4326 4389
4327 4390
4328 4391
4329 4392
4330 4393
4331 4394
4332 4395
4333 4396
4334 4397
4335 4398
4336 4399
4337 4400
4338 4401
4339 4402
4340 4403
4341 4404
4342 4405
4343 4406
4344 4407
4345 4408
4346 4409
4347 4410
4348 4411
4349 4412
4350 4413
4351 4414
4352 4415
4353 4416
4354 4417
4355 4418
4356 4419
4357 4420
4358 4421
4359 4422
4360 4423
4361 4424
4362 4425
4363 4426
4364 4427
4365 4428
4366 4429
4367 4430
4368 4431
4369 4432
4370 4433
4371 4434
4372 4435
4373 4436
4374 4437
4375 4438
4376 4439
4377 4440
4378 4441
4379 4442
4380 4443
4381 4444
4382 4445
4383 4446
4384 4447
4385 4448
4386 4449
4387 4450
4388 4451
4389 4452
4390 4453
4391 4454
4392 4455
4393 4456
4394 4457
4395 4458
4396 4459
4397 4460
4398 4461
4399 4462
4400 4463
4401 4464
4402 4465
4403 4466
4404 4467
4405 4468
4406 4469
4407 4470
4408 4471
4409 4472
4410 4473
4411 4474
4412 4475
4413 4476
4414 4477
4415 4478
4416 4479
4417 4480
4418 4481
4419 4482
4420 4483
4421 4484
4422 4485
4423 4486
4424 4487
4425 4488
4426 4489
4427 4490 4491
4428 4492
4429 4493
4430 4494
4431 4495
4432 4496
4433 4497
4434 4498
4435 4499
4436 4500
4437 4501
4438 4502
4439 4503
4440 4504
4441 4505
4442 4506
4443 4507
4444 4508
4445 4509
4446 4510
4447 4511
4448 4512
4449 4513
4450 4514
4451 4515
4452 4516
4453 4517
4454 4518
4455 4519
4456 4520
4457 4521
4458 4522
4459 4523
4460 4524
4461 4525
4462 4526
4463 4527
4464 4528
4465 4529
4466 4530
4467 4531
4468 4532
4469 4533
4470 4534
4471 4535
4472 4536
4473 4537
4474 4538
4475 4539
4476 4540
4477 4541
4478 4542
4479 4543
4480 4544
4481 4545
4482 4546
4483 4547
4484 4548
4485 4549
4486 4550
4487 4551
4488 4552
4489 4553
4490 4554
4491 4555
4492 4556
4493 4557
4494 4558
4495 4559
4496 4560 4561
4497 4562
4498 4563
4499 4564
4500 4565
4501 4566
4502 4567
4503 4568
4504 4569
4505 4570
4506 4571
4507 4572
4508 4573
4509 4574
4510 4575
4511 4576
4512 4577
4513 4578
4514 4579
4515 4580
4516 4581
4517 4582
4518 4583
4519 4584
4520 4585
4521 4586
4522 4587
4523 4588
4524 4589
4525 4590
4526 4591
4527 4592
4528 4593
4529 4594
4530 4595
4531 4596
4532 4597
4533 4598
4534 4599
4535 4600
4536 4601
4537 4602
4538 4603
4539 4604
4540 4605
4541 4606
4542 4607
4543 4608
4544 4609
4545 4610
4546 4611
4547 4612
4548 4613
4549 4614
4550 4615
4551 4616
4552 4617
4553 4618
4554 4619
4555 4620
4556 4621
4557 4622
4558 4623
4559 4624
4560 4625
4561 4626
4562 4627
4563 4628
4564 4629
4565 4630
4566 4631
4567 4632
4568 4633
4569 4634
4570 4635
4571 4636
4572 4637
4573 4638
4574 4639
4575 4640
4576 4641
4577 4642
4578 4643
4579 4644
4580 4645
4581 4646
4582 4647
4583 4648
4584 4649
4585 4650
4586 4651
4587 4652
4588 4653
4589 4654
4590 4655
4591 4656
4592 4657
4593 4658
4594 4659
4595 4660
4596 4661
4597 4662
4598 4663
4599 4664
4600 4665
4601 4666
4602 4667
4603 4668
4604 4669
4605 4670
4606 4671
4607 4672
4608 4673
4609 4674
4610 4675
4611 4676
4612 4677
4613 4678
4614 4679
4615 4680
4616 4681
4617 4682
4618 4683
4619 4684
4620 4685
4621 4686
4622 4687
4623 4688
4624 4689
4625 4690
4626 4691
4627 4692
4628 4693
4629 4694
4630 4695
4631 4696
4632 4697
4633 4698
4634 4699
4635 4700
4636 4701
4637 4702
4638 4703
4639 4704
4640 4705
4641 4706
4642 4707
4643 4708
4644 4709
4645 4710
4646 4711
4647 4712
4648 4713
4649 4714
4650 4715
4651 4716
4652 4717
4653 4718
4654 4719
4655 4720
4656 4721
4657 4722
4658 4723
4659 4724
4660 4725
4661 4726
4662 4727
4663 4728
4664 4729
4665 4730
4666 4731
4667 4732
4668 4733
4669 4734
4670 4735
4671 4736
4672 4737
4673 4738
4674 4739
4675 4740
4676 4741
4677 4742
4678 4743
4679 4744
4680 4745
4681 4746
4682 4747
4683 4748
4684 4749
4685 4750
4686 4751
4687 4752
4688 4753
4689 4754
4690 4755
4691 4756
4692 4757
4693 4758
4694 4759
4695 4760
4696 4761
4697 4762
4698 4763
4699 4764
4700 4765 4766
4701 4767
4702 4768
4703 4769
4704 4770
4705 4771
4706 4772
4707 4773
4708 4774
4709 4775
4710 4776
4711 4777
4712 4778
4713 4779
4714 4780
4715 4781
4716 4782
4717 4783
4718 4784
4719 4785
4720 4786
4721 4787
4722 4788
4723 4789
4724 4790
4725 4791
4726 4792
4727 4793
4728 4794
4729 4795
4730 4796
4731 4797
4732 4798
4733 4799
4734 4800
4735 4801
4736 4802
4737 4803
4738 4804
4739 4805
4740 4806
4741 4807
4742 4808
4743 4809
4744 4810
4745 4811
4746 4812
4747 4813
4748 4814
4749 4815
4750 4816
4751 4817
4752 4818
4753 4819
4754 4820
4755 4821
4756 4822
4757 4823
4758 4824
4759 4825
4760 4826
4761 4827
4762 4828
4763 4829
4764 4830
4765 4831
4766 4832
4767 4833
4768 4834
4769 4835
4770 4836
4771 4837
4772 4838
4773 4839
4774 4840
4775 4841
4776 4842
4777 4843
4778 4844
4779 4845
4780 4846
4781 4847
4782 4848
4783 4849
4784 4850
4785 4851
4786 4852
4787 4853
4788 4854
4789 4855
4790 4856
4791 4857
4792 4858
4793 4859
4794 4860
4795 4861
4796 4862
4797 4863
4798 4864
4799 4865 4866
4800 4867
4801 4868
4802 4869
4803 4870
4804 4871
4805 4872
4806 4873
4807 4874
4808 4875
4809 4876
4810 4877
4811 4878
4812 4879
4813 4880
4814 4881
4815 4882
4816 4883
4817 4884
4818 4885
4819 4886
4820 4887
4821 4888
4822 4889
4823 4890
4824 4891
4825 4892
4826 4893
4827 4894
4828 4895
4829 4896
4830 4897
4831 4898
4832 4899
4833 4900
4834 4901
4835 4902
4836 4903
4837 4904
4838 4905
4839 4906
4840 4907
4841 4908
4842 4909
4843 4910
4844 4911
4845 4912
4846 4913
4847 4914
4848 4915
4849 4916
4850 4917
4851 4918
4852 4919
4853 4920
4854 4921
4855 4922
4856 4923
4857 4924
4858 4925
4859 4926
4860 4927
4861 4928
4862 4929
4863 4930
4864 4931
4865 4932
4866 4933
4867 4934
4868 4935
4869 4936
4870 4937
4871 4938
4872 4939
4873 4940
4874 4941
4875 4942
4876 4943
4877 4944
4878 4945
4879 4946
4880 4947
4881 4948
4882 4949
4883 4950
4884 4951
4885 4952
4886 4953
4887 4954
4888 4955
4889 4956
4890 4957
4891 4958
4892 4959
4893 4960
4894 4961
4895 4962
4896 4963
4897 4964
4898 4965
4899 4966
4900 4967
4901 4968
4902 4969
4903 4970 4971
4904 4972
4905 4973
4906 4974
4907 4975
4908 4976 4977
4909 4978
4910 4979
4911 4980
4912 4981
4913 4982
4914 4983
4915 4984
4916 4985
4917 4986
4918 4987
4919 4988
4920 4989
4921 4990
4922 4991
4923 4992
4924 4993
4925 4994
4926 4995
4927 4996
4928 4997
4929 4998
4930 4999
4931 5000
4932 5001
4933 5002
4934 5003
4935 5004
4936 5005
4937 5006
4938 5007
4939 5008
4940 5009
4941 5010
4942 5011
4943 5012
4944 5013
4945 5014
4946 5015 5016
4947 5017
4948 5018
4949 5019
4950 5020
4951 5021
4952 5022
4953 5023
4954 5024
4955 5025
4956 5026
4957 5027
4958 5028
4959 5029
4960 5030
4961 5031
4962 5032
4963 5033
4964 5034
4965 5035
4966 5036
4967 5037
4968 5038
4969 5039
4970 5040
4971 5041
4972 5042
4973 5043
4974 5044
4975 5045
4976 5046
4977 5047
4978 5048
4979 5049
4980 5050
4981 5051
4982 5052
4983 5053
4984 5054
4985 5055
4986 5056 5057
4987 5058
4988 5059
4989 5060
4990 5061
4991 5062
4992 5063
4993 5064
4994 5065
4995 5066
4996 5067
4997 5068
4998 5069
4999 5070
5000 5071
5001 5072
5002 5073
5003 5074
5004 5075
5005 5076
5006 5077
5007 5078
5008 5079
5009 5080
5010 5081
5011 5082
5012 5083
5013 5084
5014 5085
5015 5086
5016 5087
5017 5088
5018 5089
5019 5090
5020 5091
5021 5092
5022 5093
5023 5094
5024 5095
5025 5096
5026 5097
5027 5098
5028 5099
5029 5100
5030 5101
5031 5102
5032 5103
5033 5104
5034 5105
5035 5106
5036 5107
5037 5108
5038 5109
5039 5110
5040 5111
5041 5112
5042 5113
5043 5114
5044 5115
5045 5116
5046 5117
5047 5118
5048 5119
5049 5120
5050 5121
5051 5122
5052 5123
5053 5124
5054 5125
5055 5126
5056 5127
5057 5128
5058 5129
5059 5130
5060 5131
5061 5132
5062 5133
5063 5134
5064 5135
5065 5136
5066 5137
5067 5138
5068 5139
5069 5140
5070 5141
5071 5142
5072 5143
5073 5144
5074 5145
5075 5146
5076 5147
5077 5148
5078 5149
5079 5150
5080 5151
5081 5152
5082 5153
5083 5154
5084 5155
5085 5156
5086 5157
5087 5158
5088 5159
5089 5160
5090 5161
5091 5162
5092 5163
5093 5164
5094 5165
5095 5166
5096 5167
5097 5168
5098 5169
5099 5170
5100 5171
5101 5172
5102 5173
5103 5174
5104 5175
5105 5176
5106 5177
5107 5178
5108 5179
5109 5180
5110 5181
5111 5182
5112 5183
5113 5184
5114 5185
5115 5186
5116 5187
5117 5188
5118 5189
5119 5190 5191
5120 5192
5121 5193
5122 5194
5123 5195
5124 5196
5125 5197
5126 5198
5127 5199
5128 5200
5129 5201
5130 5202
5131 5203
5132 5204
5133 5205
5134 5206
5135 5207
5136 5208
5137 5209
5138 5210
5139 5211
5140 5212
5141 5213
5142 5214
5143 5215
5144 5216
5145 5217
5146 5218
5147 5219
5148 5220
5149 5221
5150 5222
5151 5223
5152 5224
5153 5225
5154 5226
5155 5227
5156 5228
5157 5229
5158 5230
5159 5231
5160 5232
5161 5233
5162 5234
5163 5235
5164 5236
5165 5237 5238
5166 5239
5167 5240
5168 5241
5169 5242
5170 5243
5171 5244
5172 5245
5173 5246
5174 5247
5175 5248
5176 5249
5177 5250
5178 5251
5179 5252
5180 5253
5181 5254
5182 5255
5183 5256
5184 5257
5185 5258
5186 5259
5187 5260
5188 5261
5189 5262
5190 5263
5191 5264
5192 5265
5193 5266
5194 5267
5195 5268
5196 5269
5197 5270
5198 5271
5199 5272
5200 5273
5201 5274
5202 5275
5203 5276
5204 5277
5205 5278
5206 5279
5207 5280
5208 5281
5209 5282
5210 5283
5211 5284
5212 5285
5213 5286
5214 5287
5215 5288
5216 5289
5217 5290
5218 5291
5219 5292
5220 5293
5221 5294
5222 5295
5223 5296
5224 5297
5225 5298
5226 5299
5227 5300
5228 5301
5229 5302
5230 5303
5231 5304
5232 5305
5233 5306
5234 5307
5235 5308
5236 5309
5237 5310
5238 5311
5239 5312
5240 5313
5241 5314
5242 5315
5243 5316
5244 5317
5245 5318
5246 5319
5247 5320
5248 5321
5249 5322
5250 5323
5251 5324
5252 5325
5253 5326
5254 5327
5255 5328
5256 5329
5257 5330
5258 5331
5259 5332
5260 5333
5261 5334
5262 5335
5263 5336
5264 5337
5265 5338
5266 5339
5267 5340
5268 5341
5269 5342
5270 5343
5271 5344
5272 5345
5273 5346
5274 5347
5275 5348
5276 5349
5277 5350
5278 5351
5279 5352
5280 5353
5281 5354
5282 5355
5283 5356
5284 5357
5285 5358
5286 5359
5287 5360
5288 5361
5289 5362
5290 5363
5291 5364
5292 5365
5293 5366
5294 5367
5295 5368
5296 5369
5297 5370 5371
5298 5372
5299 5373
5300 5374
5301 5375
5302 5376
5303 5377
5304 5378
5305 5379
5306 5380
5307 5381
5308 5382
5309 5383
5310 5384
5311 5385
5312 5386
5313 5387
5314 5388
5315 5389
5316 5390
5317 5391
5318 5392
5319 5393
5320 5394
5321 5395
5322 5396
5323 5397
5324 5398
5325 5399
5326 5400 5401
5327 5402
5328 5403
5329 5404
5330 5405
5331 5406
5332 5407
5333 5408
5334 5409
5335 5410
5336 5411
5337 5412
5338 5413
5339 5414
5340 5415
5341 5416
5342 5417
5343 5418
5344 5419
5345 5420
5346 5421
5347 5422
5348 5423
5349 5424
5350 5425
5351 5426
5352 5427
5353 5428
5354 5429
5355 5430
5356 5431
5357 5432
5358 5433
5359 5434
5360 5435
5361 5436
5362 5437
5363 5438
5364 5439
5365 5440
5366 5441
5367 5442
5368 5443
5369 5444
5370 5445
5371 5446
5372 5447
5373 5448
5374 5449
5375 5450
5376 5451
5377 5452
5378 5453
5379 5454
5380 5455
5381 5456
5382 5457
5383 5458
5384 5459
5385 5460
5386 5461
5387 5462
5388 5463
5389 5464
5390 5465
5391 5466
5392 5467
5393 5468
5394 5469
5395 5470 5471
5396 5472
5397 5473
5398 5474
5399 5475
5400 5476
5401 5477
5402 5478
5403 5479
5404 5480
5405 5481
5406 5482
5407 5483
5408 5484
5409 5485
5410 5486
5411 5487
5412 5488
5413 5489
5414 5490
5415 5491
5416 5492
5417 5493
5418 5494
5419 5495
5420 5496
5421 5497
5422 5498
5423 5499
5424 5500
5425 5501
5426 5502
5427 5503
5428 5504
5429 5505
5430 5506
5431 5507
5432 5508
5433 5509
5434 5510
5435 5511
5436 5512
5437 5513
5438 5514
5439 5515
5440 5516
5441 5517
5442 5518
5443 5519
5444 5520
5445 5521
5446 5522
5447 5523
5448 5524 5525
5449 5526
5450 5527
5451 5528
5452 5529
5453 5530
5454 5531
5455 5532
5456 5533
5457 5534
5458 5535
5459 5536
5460 5537
5461 5538
5462 5539
5463 5540
5464 5541
5465 5542 5543
5466 5544
5467 5545
5468 5546
5469 5547
5470 5548
5471 5549
5472 5550
5473 5551
5474 5552
5475 5553
5476 5554
5477 5555
5478 5556 5557
5479 5558
5480 5559
5481 5560
5482 5561
5483 5562
5484 5563
5485 5564
5486 5565
5487 5566
5488 5567
5489 5568
5490 5569
5491 5570
5492 5571
5493 5572
5494 5573
5495 5574
5496 5575
5497 5576
5498 5577
5499 5578
5500 5579
5501 5580
5502 5581
5503 5582
5504 5583
5505 5584
5506 5585
5507 5586
5508 5587
5509 5588
5510 5589
5511 5590
5512 5591
5513 5592
5514 5593
5515 5594
5516 5595
5517 5596
5518 5597
5519 5598
5520 5599
5521 5600
5522 5601
5523 5602
5524 5603
5525 5604
5526 5605
5527 5606
5528 5607
5529 5608
5530 5609
5531 5610
5532 5611
5533 5612
5534 5613
5535 5614
5536 5615
5537 5616
5538 5617
5539 5618
5540 5619
5541 5620
5542 5621
5543 5622
5544 5623
5545 5624
5546 5625
5547 5626
5548 5627
5549 5628
5550 5629
5551 5630
5552 5631
5553 5632
5554 5633
5555 5634
5556 5635
5557 5636
5558 5637
5559 5638
5560 5639
5561 5640
5562 5641
5563 5642
5564 5643
5565 5644
5566 5645
5567 5646
5568 5647
5569 5648
5570 5649
5571 5650
5572 5651
5573 5652
5574 5653
5575 5654
5576 5655
5577 5656
5578 5657
5579 5658
5580 5659
5581 5660
5582 5661
5583 5662
5584 5663
5585 5664
5586 5665
5587 5666
5588 5667
5589 5668
5590 5669
5591 5670
5592 5671
5593 5672
5594 5673
5595 5674
5596 5675
5597 5676
5598 5677
5599 5678
5600 5679
5601 5680
5602 5681
5603 5682
5604 5683
5605 5684
5606 5685
5607 5686
5608 5687
5609 5688
5610 5689
5611 5690
5612 5691
5613 5692
5614 5693
5615 5694
5616 5695
5617 5696
5618 5697
5619 5698
5620 5699 5700
5621 5701
5622 5702
5623 5703
5624 5704
5625 5705
5626 5706
5627 5707
5628 5708
5629 5709
5630 5710
5631 5711
5632 5712
5633 5713
5634 5714
5635 5715
5636 5716
5637 5717
5638 5718
5639 5719
5640 5720
5641 5721
5642 5722
5643 5723
5644 5724
5645 5725
5646 5726
5647 5727
5648 5728
5649 5729
5650 5730
5651 5731
5652 5732
5653 5733
5654 5734
5655 5735
5656 5736
5657 5737
5658 5738
5659 5739
5660 5740
5661 5741
5662 5742
5663 5743
5664 5744
5665 5745
5666 5746
5667 5747
5668 5748
5669 5749
5670 5750
5671 5751
5672 5752
5673 5753
5674 5754
5675 5755
5676 5756
5677 5757
5678 5758
5679 5759
5680 5760
5681 5761
5682 5762
5683 5763
5684 5764
5685 5765
5686 5766
5687 5767
5688 5768
5689 5769
5690 5770
5691 5771
5692 5772
5693 5773
5694 5774
5695 5775
5696 5776
5697 5777 5778
5698 5779
5699 5780
5700 5781
5701 5782
5702 5783
5703 5784
5704 5785
5705 5786
5706 5787
5707 5788
5708 5789
5709 5790
5710 5791
5711 5792
5712 5793
5713 5794
5714 5795
5715 5796
5716 5797
5717 5798 5799
5718 5800
5719 5801
5720 5802
5721 5803
5722 5804
5723 5805
5724 5806
5725 5807
5726 5808
5727 5809
5728 5810
5729 5811
5730 5812
5731 5813
5732 5814
5733 5815
5734 5816
5735 5817
5736 5818
5737 5819
5738 5820
5739 5821
5740 5822
5741 5823
5742 5824
5743 5825
5744 5826
5745 5827
5746 5828
5747 5829
5748 5830
5749 5831
5750 5832
5751 5833
5752 5834
5753 5835
5754 5836
5755 5837
5756 5838
5757 5839
5758 5840
5759 5841
5760 5842
5761 5843
5762 5844
5763 5845
5764 5846
5765 5847
5766 5848
5767 5849
5768 5850
5769 5851
5770 5852
5771 5853
5772 5854
5773 5855
5774 5856
5775 5857
5776 5858
5777 5859
5778 5860
5779 5861
5780 5862
5781 5863
5782 5864
5783 5865
5784 5866
5785 5867
5786 5868
5787 5869
5788 5870
5789 5871
5790 5872
5791 5873
5792 5874
5793 5875
5794 5876
5795 5877
5796 5878
5797 5879
5798 5880
5799 5881
5800 5882
5801 5883
5802 5884
5803 5885
5804 5886
5805 5887
5806 5888
5807 5889
5808 5890
5809 5891
5810 5892
5811 5893
5812 5894
5813 5895
5814 5896
5815 5897
5816 5898
5817 5899
5818 5900
5819 5901
5820 5902
5821 5903
5822 5904
5823 5905
5824 5906
5825 5907
5826 5908
5827 5909
5828 5910
5829 5911
5830 5912
5831 5913
5832 5914
5833 5915
5834 5916
5835 5917
5836 5918
5837 5919
5838 5920
5839 5921
5840 5922
5841 5923
5842 5924
5843 5925
5844 5926
5845 5927
5846 5928
5847 5929
5848 5930
5849 5931
5850 5932
5851 5933
5852 5934
5853 5935
5854 5936
5855 5937
5856 5938
5857 5939
5858 5940 5941
5859 5942
5860 5943
5861 5944
5862 5945
5863 5946
5864 5947
5865 5948
5866 5949
5867 5950
5868 5951
5869 5952
5870 5953
5871 5954
5872 5955
5873 5956
5874 5957
5875 5958
5876 5959
5877 5960
5878 5961
5879 5962
5880 5963
5881 5964
5882 5965
5883 5966
5884 5967
5885 5968
5886 5969
5887 5970
5888 5971
5889 5972
5890 5973
5891 5974
5892 5975
5893 5976
5894 5977
5895 5978
5896 5979
5897 5980
5898 5981
5899 5982
5900 5983
5901 5984
5902 5985
5903 5986
5904 5987
5905 5988
5906 5989
5907 5990
5908 5991
5909 5992
5910 5993
5911 5994
5912 5995
5913 5996
5914 5997
5915 5998
5916 5999
5917 6000
5918 6001
5919 6002
5920 6003
5921 6004
5922 6005
5923 6006
5924 6007
5925 6008
5926 6009
5927 6010
5928 6011
5929 6012
5930 6013
5931 6014
5932 6015
5933 6016
5934 6017
5935 6018
5936 6019
5937 6020
5938 6021
5939 6022
5940 6023
5941 6024
5942 6025
5943 6026
5944 6027
5945 6028
5946 6029
5947 6030
5948 6031
5949 6032
5950 6033
5951 6034
5952 6035
5953 6036
5954 6037
5955 6038
5956 6039
5957 6040
5958 6041
5959 6042
5960 6043
5961 6044
5962 6045 6046
5963 6047
5964 6048
5965 6049
5966 6050
5967 6051
5968 6052
5969 6053
5970 6054
5971 6055
5972 6056
5973 6057
5974 6058
5975 6059
5976 6060
5977 6061
5978 6062
5979 6063
5980 6064
5981 6065
5982 6066
5983 6067
5984 6068
5985 6069
5986 6070
5987 6071
5988 6072
5989 6073
5990 6074
5991 6075
5992 6076
5993 6077
5994 6078
5995 6079
5996 6080
5997 6081
5998 6082
5999 6083
6000 6084
6001 6085
6002 6086
6003 6087
6004 6088
6005 6089
6006 6090
6007 6091
6008 6092
6009 6093
6010 6094
6011 6095
6012 6096
6013 6097
6014 6098
6015 6099
6016 6100
6017 6101
6018 6102
6019 6103
6020 6104
6021 6105
6022 6106
6023 6107
6024 6108
6025 6109
6026 6110
6027 6111
6028 6112
6029 6113
6030 6114
6031 6115
6032 6116
6033 6117
6034 6118
6035 6119
6036 6120
6037 6121
6038 6122
6039 6123
6040 6124
6041 6125
6042 6126
6043 6127
6044 6128
6045 6129
6046 6130
6047 6131
6048 6132
6049 6133
6050 6134
6051 6135
6052 6136
6053 6137
6054 6138
6055 6139
6056 6140
6057 6141
6058 6142
6059 6143
6060 6144
6061 6145
6062 6146
6063 6147
6064 6148
6065 6149
6066 6150
6067 6151
6068 6152
6069 6153
6070 6154
6071 6155
6072 6156
6073 6157
6074 6158
6075 6159
6076 6160
6077 6161
6078 6162
6079 6163
6080 6164
6081 6165
6082 6166
6083 6167
6084 6168
6085 6169
6086 6170
6087 6171
6088 6172
6089 6173
6090 6174
6091 6175
6092 6176
6093 6177
6094 6178
6095 6179
6096 6180
6097 6181
6098 6182
6099 6183
6100 6184
6101 6185
6102 6186
6103 6187
6104 6188
6105 6189
6106 6190
6107 6191
6108 6192
6109 6193
6110 6194
6111 6195
6112 6196
6113 6197
6114 6198
6115 6199
6116 6200
6117 6201
6118 6202
6119 6203
6120 6204
6121 6205 6206
6122 6207
6123 6208 6209
6124 6210
6125 6211
6126 6212
6127 6213
6128 6214
6129 6215
6130 6216
6131 6217
6132 6218
6133 6219
6134 6220
6135 6221
6136 6222
6137 6223
6138 6224
6139 6225
6140 6226
6141 6227
6142 6228
6143 6229
6144 6230
6145 6231
6146 6232
6147 6233
6148 6234
6149 6235
6150 6236
6151 6237
6152 6238
6153 6239
6154 6240
6155 6241
6156 6242
6157 6243
6158 6244
6159 6245
6160 6246
6161 6247
6162 6248
6163 6249
6164 6250
6165 6251
6166 6252
6167 6253
6168 6254
6169 6255
6170 6256
6171 6257
6172 6258
6173 6259
6174 6260
6175 6261
6176 6262
6177 6263
6178 6264
6179 6265
6180 6266
6181 6267
6182 6268
6183 6269
6184 6270
6185 6271
6186 6272
6187 6273
6188 6274
6189 6275
6190 6276
6191 6277
6192 6278
6193 6279
6194 6280
6195 6281
6196 6282
6197 6283 6284
6198 6285
6199 6286
6200 6287
6201 6288
6202 6289 6290
6203 6291
6204 6292
6205 6293
6206 6294
6207 6295
6208 6296
6209 6297
6210 6298
6211 6299
6212 6300
6213 6301
6214 6302
6215 6303
6216 6304
6217 6305
6218 6306
6219 6307
6220 6308
6221 6309
6222 6310
6223 6311
6224 6312
6225 6313
6226 6314
6227 6315
6228 6316
6229 6317
6230 6318
6231 6319
6232 6320
6233 6321
6234 6322
6235 6323
6236 6324
6237 6325
6238 6326
6239 6327
6240 6328
6241 6329
6242 6330
6243 6331
6244 6332
6245 6333
6246 6334
6247 6335 6336
6248 6337
6249 6338
6250 6339
6251 6340
6252 6341
6253 6342
6254 6343
6255 6344
6256 6345
6257 6346
6258 6347
6259 6348
6260 6349
6261 6350
6262 6351
6263 6352
6264 6353
6265 6354
6266 6355
6267 6356
6268 6357
6269 6358
6270 6359
6271 6360
6272 6361
6273 6362
6274 6363
6275 6364
6276 6365
6277 6366
6278 6367
6279 6368
6280 6369
6281 6370
6282 6371
6283 6372
6284 6373
6285 6374
6286 6375
6287 6376
6288 6377
6289 6378
6290 6379
6291 6380
6292 6381
6293 6382
6294 6383
6295 6384
6296 6385
6297 6386
6298 6387
6299 6388
6300 6389
6301 6390
6302 6391
6303 6392
6304 6393 6394
6305 6395
6306 6396
6307 6397
6308 6398
6309 6399
6310 6400
6311 6401
6312 6402
6313 6403
6314 6404
6315 6405
6316 6406
6317 6407
6318 6408
6319 6409
6320 6410
6321 6411
6322 6412
6323 6413
6324 6414
6325 6415
6326 6416
6327 6417
6328 6418
6329 6419
6330 6420
6331 6421
6332 6422
6333 6423
6334 6424
6335 6425
6336 6426
6337 6427
6338 6428
6339 6429
6340 6430
6341 6431
6342 6432
6343 6433
6344 6434
6345 6435
6346 6436
6347 6437
6348 6438
6349 6439
6350 6440
6351 6441
6352 6442
6353 6443
6354 6444
6355 6445
6356 6446
6357 6447
6358 6448
6359 6449
6360 6450
6361 6451
6362 6452
6363 6453
6364 6454
6365 6455
6366 6456
6367 6457
6368 6458
6369 6459
6370 6460
6371 6461
6372 6462
6373 6463
6374 6464
6375 6465
6376 6466
6377 6467
6378 6468
6379 6469
6380 6470
6381 6471
6382 6472
6383 6473
6384 6474
6385 6475
6386 6476
6387 6477
6388 6478
6389 6479
6390 6480
6391 6481
6392 6482
6393 6483
6394 6484
6395 6485
6396 6486
6397 6487
6398 6488
6399 6489
6400 6490
6401 6491 6492
6402 6493
6403 6494
6404 6495
6405 6496
6406 6497
6407 6498
6408 6499
6409 6500
6410 6501
6411 6502
6412 6503
6413 6504
6414 6505
6415 6506
6416 6507 6508
6417 6509
6418 6510
6419 6511
6420 6512
6421 6513
6422 6514
6423 6515
6424 6516
6425 6517
6426 6518
6427 6519
6428 6520
6429 6521
6430 6522
6431 6523
6432 6524
6433 6525
6434 6526
6435 6527
6436 6528
6437 6529
6438 6530
6439 6531
6440 6532
6441 6533
6442 6534
6443 6535
6444 6536
6445 6537
6446 6538
6447 6539
6448 6540
6449 6541
6450 6542
6451 6543
6452 6544
6453 6545
6454 6546
6455 6547
6456 6548
6457 6549
6458 6550
6459 6551
6460 6552 6553
6461 6554
6462 6555
6463 6556
6464 6557
6465 6558
6466 6559
6467 6560
6468 6561
6469 6562
6470 6563
6471 6564
6472 6565
6473 6566
6474 6567
6475 6568
6476 6569
6477 6570
6478 6571
6479 6572
6480 6573
6481 6574 6575
6482 6576
6483 6577
6484 6578
6485 6579
6486 6580
6487 6581
6488 6582
6489 6583
6490 6584
6491 6585
6492 6586
6493 6587
6494 6588
6495 6589
6496 6590
6497 6591
6498 6592
6499 6593
6500 6594
6501 6595
6502 6596
6503 6597
6504 6598
6505 6599
6506 6600
6507 6601
6508 6602
6509 6603
6510 6604
6511 6605
6512 6606
6513 6607
6514 6608
6515 6609
6516 6610
6517 6611
6518 6612
6519 6613
6520 6614
6521 6615
6522 6616
6523 6617
6524 6618 6619
6525 6620
6526 6621
6527 6622
6528 6623
6529 6624
6530 6625
6531 6626
6532 6627
6533 6628
6534 6629
6535 6630
6536 6631
6537 6632 6633
6538 6634
6539 6635
6540 6636
6541 6637
6542 6638
6543 6639
6544 6640
6545 6641
6546 6642
6547 6643
6548 6644
6549 6645
6550 6646
6551 6647
6552 6648
6553 6649
6554 6650
6555 6651
6556 6652
6557 6653
6558 6654
6559 6655
6560 6656
6561 6657
6562 6658
6563 6659
6564 6660
6565 6661
6566 6662
6567 6663
6568 6664
6569 6665
6570 6666
6571 6667
6572 6668
6573 6669
6574 6670
6575 6671
6576 6672
6577 6673
6578 6674
6579 6675
6580 6676
6581 6677
6582 6678
6583 6679
6584 6680
6585 6681
6586 6682
6587 6683
6588 6684
6589 6685
6590 6686
6591 6687
6592 6688
6593 6689
6594 6690
6595 6691
6596 6692
6597 6693
6598 6694
6599 6695
6600 6696
6601 6697
6602 6698
6603 6699
6604 6700
6605 6701
6606 6702
6607 6703
6608 6704
6609 6705
6610 6706
6611 6707
6612 6708
6613 6709
6614 6710
6615 6711
6616 6712
6617 6713
6618 6714
6619 6715
6620 6716
6621 6717
6622 6718
6623 6719
6624 6720
6625 6721
6626 6722
6627 6723
6628 6724
6629 6725
6630 6726
6631 6727
6632 6728
6633 6729
6634 6730
6635 6731
6636 6732
6637 6733
6638 6734
6639 6735
6640 6736
6641 6737
6642 6738
6643 6739
6644 6740
6645 6741
6646 6742
6647 6743
6648 6744
6649 6745
6650 6746
6651 6747
6652 6748
6653 6749
6654 6750
6655 6751
6656 6752
6657 6753
6658 6754
6659 6755
6660 6756
6661 6757
6662 6758
6663 6759
6664 6760
6665 6761
6666 6762
6667 6763
6668 6764
6669 6765
6670 6766
6671 6767
6672 6768
6673 6769
6674 6770
6675 6771 6772
6676 6773
6677 6774
6678 6775
6679 6776
6680 6777
6681 6778
6682 6779
6683 6780
6684 6781
6685 6782
6686 6783
6687 6784
6688 6785
6689 6786
6690 6787
6691 6788
6692 6789
6693 6790
6694 6791
6695 6792
6696 6793
6697 6794
6698 6795
6699 6796
6700 6797
6701 6798
6702 6799
6703 6800
6704 6801
6705 6802
6706 6803
6707 6804
6708 6805
6709 6806
6710 6807
6711 6808
6712 6809
6713 6810
6714 6811
6715 6812
6716 6813
6717 6814
6718 6815
6719 6816
6720 6817
6721 6818
6722 6819
6723 6820
6724 6821
6725 6822
6726 6823
6727 6824
6728 6825
6729 6826
6730 6827
6731 6828
6732 6829
6733 6830
6734 6831
6735 6832
6736 6833
6737 6834
6738 6835
6739 6836
6740 6837 6838
6741 6839
6742 6840
6743 6841
6744 6842
6745 6843
6746 6844
6747 6845
6748 6846
6749 6847
6750 6848 6849
6751 6850
6752 6851
6753 6852
6754 6853
6755 6854
6756 6855
6757 6856
6758 6857
6759 6858
6760 6859
6761 6860
6762 6861
6763 6862
6764 6863
6765 6864
6766 6865
6767 6866
6768 6867
6769 6868
6770 6869
6771 6870
6772 6871
6773 6872
6774 6873
6775 6874
6776 6875
6777 6876
6778 6877
6779 6878
6780 6879
6781 6880
6782 6881
6783 6882
6784 6883
6785 6884
6786 6885
6787 6886
6788 6887
6789 6888
6790 6889
6791 6890
6792 6891
6793 6892
6794 6893
6795 6894
6796 6895
6797 6896
6798 6897
6799 6898
6800 6899
6801 6900
6802 6901
6803 6902
6804 6903
6805 6904
6806 6905
6807 6906
6808 6907
6809 6908
6810 6909
6811 6910
6812 6911
6813 6912
6814 6913
6815 6914
6816 6915
6817 6916
6818 6917
6819 6918
6820 6919
6821 6920
6822 6921
6823 6922
6824 6923
6825 6924
6826 6925
6827 6926
6828 6927
6829 6928
6830 6929
6831 6930
6832 6931
6833 6932
6834 6933
6835 6934
6836 6935
6837 6936
6838 6937
6839 6938
6840 6939
6841 6940
6842 6941
6843 6942
6844 6943
6845 6944
6846 6945
6847 6946
6848 6947 6948
6849 6949
6850 6950
6851 6951
6852 6952
6853 6953
6854 6954
6855 6955
6856 6956
6857 6957
6858 6958
6859 6959
6860 6960
6861 6961
6862 6962
6863 6963
6864 6964
6865 6965
6866 6966
6867 6967
6868 6968
6869 6969
6870 6970
6871 6971
6872 6972
6873 6973
6874 6974
6875 6975
6876 6976
6877 6977
6878 6978
6879 6979
6880 6980
6881 6981
6882 6982
6883 6983
6884 6984
6885 6985
6886 6986
6887 6987
6888 6988
6889 6989
6890 6990
6891 6991
6892 6992
6893 6993
6894 6994
6895 6995
6896 6996
6897 6997
6898 6998
6899 6999
6900 7000
6901 7001
6902 7002
6903 7003
6904 7004
6905 7005
6906 7006
6907 7007
6908 7008
6909 7009
6910 7010
6911 7011
6912 7012
6913 7013
6914 7014
6915 7015
6916 7016
6917 7017
6918 7018
6919 7019
6920 7020
6921 7021
6922 7022
6923 7023
6924 7024
6925 7025
6926 7026
6927 7027
6928 7028
6929 7029
6930 7030
6931 7031
6932 7032
6933 7033
6934 7034
6935 7035
6936 7036
6937 7037
6938 7038
6939 7039
6940 7040
6941 7041
6942 7042
6943 7043
6944 7044
6945 7045
6946 7046
6947 7047
6948 7048
6949 7049
6950 7050
6951 7051
6952 7052
6953 7053
6954 7054
6955 7055
6956 7056
6957 7057
6958 7058
6959 7059
6960 7060
6961 7061
6962 7062
6963 7063
6964 7064
6965 7065
6966 7066
6967 7067
6968 7068
6969 7069
6970 7070
6971 7071
6972 7072
6973 7073
6974 7074
6975 7075
6976 7076
6977 7077
6978 7078
6979 7079
6980 7080
6981 7081
6982 7082
6983 7083
6984 7084
6985 7085
6986 7086
6987 7087
6988 7088
6989 7089
6990 7090
6991 7091
6992 7092
6993 7093
6994 7094
6995 7095
6996 7096
6997 7097
6998 7098
6999 7099
7000 7100
7001 7101
7002 7102
7003 7103
7004 7104
7005 7105
7006 7106
7007 7107
7008 7108
7009 7109
7010 7110
7011 7111
7012 7112
7013 7113
7014 7114
7015 7115
7016 7116
7017 7117
7018 7118
7019 7119
7020 7120
7021 7121
7022 7122
7023 7123
7024 7124
7025 7125
7026 7126
7027 7127
7028 7128
7029 7129
7030 7130
7031 7131
7032 7132
7033 7133
7034 7134
7035 7135
7036 7136
7037 7137
7038 7138
7039 7139
7040 7140
7041 7141
7042 7142
7043 7143
7044 7144
7045 7145
7046 7146
7047 7147
7048 7148
7049 7149
7050 7150
7051 7151
7052 7152
7053 7153
7054 7154
7055 7155
7056 7156
7057 7157
7058 7158
7059 7159
7060 7160
7061 7161
7062 7162
7063 7163
7064 7164
7065 7165
7066 7166
7067 7167
7068 7168
7069 7169
7070 7170
7071 7171
7072 7172
7073 7173
7074 7174
7075 7175
7076 7176
7077 7177
7078 7178
7079 7179
7080 7180
7081 7181
7082 7182
7083 7183
7084 7184
7085 7185
7086 7186
7087 7187
7088 7188
7089 7189
7090 7190
7091 7191
7092 7192
7093 7193
7094 7194
7095 7195
7096 7196
7097 7197
7098 7198
7099 7199
7100 7200
7101 7201
7102 7202
7103 7203
7104 7204
7105 7205
7106 7206
7107 7207
7108 7208
7109 7209
7110 7210
7111 7211
7112 7212
7113 7213
7114 7214
7115 7215
7116 7216
7117 7217
7118 7218
7119 7219
7120 7220
7121 7221
7122 7222
7123 7223
7124 7224
7125 7225
7126 7226
7127 7227
7128 7228
7129 7229
7130 7230
7131 7231
7132 7232
7133 7233
7134 7234
7135 7235
7136 7236
7137 7237
7138 7238
7139 7239
7140 7240
7141 7241
7142 7242
7143 7243
7144 7244
7145 7245
7146 7246
7147 7247
7148 7248
7149 7249
7150 7250
7151 7251
7152 7252
7153 7253
7154 7254
7155 7255
7156 7256
7157 7257
7158 7258
7159 7259
7160 7260
7161 7261
7162 7262
7163 7263
7164 7264
7165 7265
7166 7266
7167 7267
7168 7268
7169 7269
7170 7270
7171 7271
7172 7272
7173 7273
7174 7274
7175 7275
7176 7276
7177 7277
7178 7278
7179 7279
7180 7280
7181 7281
7182 7282
7183 7283
7184 7284
7185 7285
7186 7286
7187 7287
7188 7288
7189 7289
7190 7290
7191 7291
7192 7292
7193 7293
7194 7294
7195 7295
7196 7296
7197 7297
7198 7298
7199 7299
7200 7300
7201 7301
7202 7302
7203 7303
7204 7304
7205 7305
7206 7306
7207 7307
7208 7308
7209 7309
7210 7310
7211 7311
7212 7312
7213 7313
7214 7314
7215 7315
7216 7316
7217 7317
7218 7318
7219 7319
7220 7320
7221 7321
7222 7322
7223 7323
7224 7324
7225 7325
7226 7326
7227 7327
7228 7328
7229 7329
7230 7330
7231 7331
7232 7332
7233 7333
7234 7334
7235 7335
7236 7336
7237 7337
7238 7338
7239 7339
7240 7340
7241 7341
7242 7342
7243 7343
7244 7344
7245 7345
7246 7346
7247 7347
7248 7348
7249 7349
7250 7350
7251 7351
7252 7352
7253 7353
7254 7354
7255 7355
7256 7356
7257 7357
7258 7358
7259 7359
7260 7360
7261 7361
7262 7362
7263 7363
7264 7364
7265 7365
7266 7366
7267 7367
7268 7368
7269 7369
7270 7370
7271 7371
7272 7372
7273 7373
7274 7374
7275 7375
7276 7376
7277 7377
7278 7378
7279 7379
7280 7380
7281 7381
7282 7382
7283 7383
7284 7384
7285 7385
7286 7386
7287 7387
7288 7388
7289 7389
7290 7390
7291 7391
7292 7392
7293 7393
7294 7394
7295 7395
7296 7396
7297 7397
7298 7398
7299 7399
7300 7400
7301 7401
7302 7402
7303 7403
7304 7404
7305 7405
7306 7406
7307 7407
7308 7408
7309 7409
7310 7410
7311 7411
7312 7412
7313 7413
7314 7414
7315 7415
7316 7416
7317 7417
7318 7418
7319 7419
7320 7420
7321 7421
7322 7422
7323 7423 7424
7324 7425
7325 7426
7326 7427
7327 7428
7328 7429
7329 7430
7330 7431
7331 7432
7332 7433
7333 7434
7334 7435
7335 7436
7336 7437
7337 7438
7338 7439
7339 7440
7340 7441
7341 7442
7342 7443
7343 7444
7344 7445
7345 7446
7346 7447
7347 7448
7348 7449
7349 7450
7350 7451
7351 7452
7352 7453
7353 7454
7354 7455
7355 7456
7356 7457
7357 7458 7459
7358 7460
7359 7461
7360 7462
7361 7463
7362 7464
7363 7465
7364 7466
7365 7467
7366 7468
7367 7469
7368 7470
7369 7471
7370 7472
7371 7473
7372 7474
7373 7475 7476
7374 7477
7375 7478
7376 7479
7377 7480
7378 7481
7379 7482
7380 7483
7381 7484
7382 7485
7383 7486
7384 7487
7385 7488
7386 7489
7387 7490
7388 7491
7389 7492
7390 7493
7391 7494
7392 7495
7393 7496
7394 7497
7395 7498
7396 7499
7397 7500
7398 7501
7399 7502
7400 7503
7401 7504
7402 7505
7403 7506
7404 7507
7405 7508
7406 7509
7407 7510
7408 7511
7409 7512
7410 7513
7411 7514
7412 7515
7413 7516
7414 7517
7415 7518
7416 7519
7417 7520
7418 7521
7419 7522
7420 7523
7421 7524
7422 7525
7423 7526
7424 7527
7425 7528
7426 7529
7427 7530
7428 7531
7429 7532
7430 7533
7431 7534
7432 7535
7433 7536
7434 7537
7435 7538
7436 7539
7437 7540
7438 7541
7439 7542
7440 7543 7544
7441 7545
7442 7546
7443 7547
7444 7548
7445 7549
7446 7550
7447 7551
7448 7552
7449 7553
7450 7554
7451 7555
7452 7556
7453 7557
7454 7558
7455 7559
7456 7560
7457 7561
7458 7562
7459 7563
7460 7564
7461 7565
7462 7566 7567
7463 7568
7464 7569
7465 7570
7466 7571
7467 7572
7468 7573
7469 7574
7470 7575
7471 7576
7472 7577
7473 7578
7474 7579
7475 7580
7476 7581
7477 7582
7478 7583
7479 7584
7480 7585
7481 7586
7482 7587
7483 7588
7484 7589
7485 7590
7486 7591
7487 7592
7488 7593
7489 7594
7490 7595
7491 7596
7492 7597
7493 7598
7494 7599
7495 7600
7496 7601
7497 7602
7498 7603
7499 7604
7500 7605
7501 7606
7502 7607
7503 7608
7504 7609
7505 7610
7506 7611
7507 7612
7508 7613
7509 7614
7510 7615
7511 7616
7512 7617
7513 7618
7514 7619
7515 7620
7516 7621
7517 7622
7518 7623
7519 7624
7520 7625
7521 7626
7522 7627
7523 7628
7524 7629
7525 7630
7526 7631
7527 7632
7528 7633
7529 7634
7530 7635
7531 7636
7532 7637
7533 7638
7534 7639
7535 7640
7536 7641
7537 7642
7538 7643
7539 7644
7540 7645
7541 7646
7542 7647
7543 7648
7544 7649
7545 7650
7546 7651
7547 7652
7548 7653
7549 7654
7550 7655
7551 7656
7552 7657
7553 7658
7554 7659
7555 7660
7556 7661
7557 7662
7558 7663
7559 7664
7560 7665
7561 7666
7562 7667
7563 7668
7564 7669
7565 7670
7566 7671
7567 7672
7568 7673 7674
7569 7675
7570 7676
7571 7677
7572 7678
7573 7679
7574 7680
7575 7681
7576 7682
7577 7683
7578 7684
7579 7685
7580 7686
7581 7687
7582 7688
7583 7689
7584 7690
7585 7691
7586 7692
7587 7693
7588 7694
7589 7695
7590 7696
7591 7697
7592 7698
7593 7699
7594 7700
7595 7701
7596 7702
7597 7703
7598 7704
7599 7705
7600 7706
7601 7707
7602 7708
7603 7709
7604 7710
7605 7711
7606 7712
7607 7713
7608 7714
7609 7715
7610 7716
7611 7717 7718
7612 7719
7613 7720
7614 7721
7615 7722
7616 7723
7617 7724
7618 7725
7619 7726
7620 7727
7621 7728
7622 7729
7623 7730
7624 7731
7625 7732
7626 7733
7627 7734
7628 7735
7629 7736
7630 7737
7631 7738
7632 7739
7633 7740
7634 7741 7742
7635 7743
7636 7744
7637 7745
7638 7746
7639 7747
7640 7748
7641 7749
7642 7750
7643 7751
7644 7752
7645 7753
7646 7754
7647 7755
7648 7756
7649 7757
7650 7758
7651 7759
7652 7760
7653 7761
7654 7762
7655 7763
7656 7764
7657 7765
7658 7766
7659 7767
7660 7768
7661 7769
7662 7770
7663 7771
7664 7772
7665 7773
7666 7774
7667 7775
7668 7776
7669 7777
7670 7778
7671 7779
7672 7780
7673 7781
7674 7782
7675 7783
7676 7784
7677 7785
7678 7786
7679 7787
7680 7788
7681 7789
7682 7790
7683 7791
7684 7792
7685 7793 7794
7686 7795
7687 7796
7688 7797 7798
7689 7799
7690 7800
7691 7801
7692 7802
7693 7803
7694 7804
7695 7805
7696 7806
7697 7807
7698 7808
7699 7809
7700 7810
7701 7811
7702 7812
7703 7813
7704 7814
7705 7815
7706 7816
7707 7817
7708 7818
7709 7819
7710 7820
7711 7821
7712 7822
7713 7823
7714 7824
7715 7825
7716 7826
7717 7827
7718 7828
7719 7829
7720 7830
7721 7831
7722 7832
7723 7833
7724 7834
7725 7835
7726 7836
7727 7837
7728 7838
7729 7839
7730 7840
7731 7841
7732 7842
7733 7843
7734 7844
7735 7845
7736 7846
7737 7847
7738 7848
7739 7849
7740 7850
7741 7851
7742 7852
7743 7853
7744 7854
7745 7855
7746 7856
7747 7857
7748 7858
7749 7859
7750 7860
7751 7861
7752 7862
7753 7863
7754 7864
7755 7865
7756 7866
7757 7867
7758 7868
7759 7869
7760 7870
7761 7871
7762 7872
7763 7873
7764 7874
7765 7875
7766 7876
7767 7877
7768 7878
7769 7879
7770 7880
7771 7881
7772 7882
7773 7883
7774 7884
7775 7885
7776 7886
7777 7887
7778 7888
7779 7889
7780 7890
7781 7891
7782 7892
7783 7893
7784 7894
7785 7895
7786 7896
7787 7897
7788 7898
7789 7899
7790 7900
7791 7901
7792 7902
7793 7903
7794 7904
7795 7905
7796 7906
7797 7907
7798 7908
7799 7909
7800 7910
7801 7911
7802 7912
7803 7913
7804 7914
7805 7915
7806 7916
7807 7917
7808 7918
7809 7919
7810 7920
7811 7921
7812 7922
7813 7923
7814 7924
7815 7925
7816 7926
7817 7927
7818 7928
7819 7929
7820 7930
7821 7931
7822 7932
7823 7933
7824 7934
7825 7935
7826 7936
7827 7937
7828 7938
7829 7939
7830 7940
7831 7941
7832 7942
7833 7943
7834 7944
7835 7945
7836 7946
7837 7947
7838 7948
7839 7949
7840 7950
7841 7951
7842 7952
7843 7953
7844 7954
7845 7955
7846 7956
7847 7957
7848 7958
7849 7959
7850 7960
7851 7961
7852 7962
7853 7963
7854 7964
7855 7965
7856 7966
7857 7967
7858 7968
7859 7969
7860 7970
7861 7971
7862 7972
7863 7973
7864 7974
7865 7975
7866 7976
7867 7977
7868 7978
7869 7979
7870 7980
7871 7981 7982
7872 7983
7873 7984
7874 7985
7875 7986
7876 7987
7877 7988
7878 7989
7879 7990
7880 7991
7881 7992
7882 7993
7883 7994
7884 7995
7885 7996
7886 7997
7887 7998
7888 7999
7889 8000
7890 8001
7891 8002
7892 8003
7893 8004
7894 8005
7895 8006
7896 8007
7897 8008
7898 8009
7899 8010
7900 8011
7901 8012
7902 8013
7903 8014
7904 8015
7905 8016
7906 8017
7907 8018
7908 8019
7909 8020
7910 8021
7911 8022
7912 8023
7913 8024
7914 8025
7915 8026
7916 8027
7917 8028
7918 8029
7919 8030
7920 8031
7921 8032
7922 8033
7923 8034
7924 8035
7925 8036
7926 8037
7927 8038
7928 8039
7929 8040
7930 8041
7931 8042
7932 8043
7933 8044
7934 8045 8046
7935 8047
7936 8048
7937 8049
7938 8050
7939 8051
7940 8052
7941 8053
7942 8054
7943 8055
7944 8056
7945 8057
7946 8058
7947 8059
7948 8060
7949 8061
7950 8062
7951 8063
7952 8064
7953 8065
7954 8066
7955 8067
7956 8068
7957 8069
7958 8070
7959 8071
7960 8072
7961 8073
7962 8074
7963 8075
7964 8076
7965 8077
7966 8078
7967 8079
7968 8080
7969 8081
7970 8082
7971 8083
7972 8084
7973 8085
7974 8086
7975 8087
7976 8088
7977 8089
7978 8090
7979 8091
7980 8092
7981 8093
7982 8094
7983 8095
7984 8096
7985 8097
7986 8098
7987 8099
7988 8100
7989 8101
7990 8102
7991 8103
7992 8104
7993 8105
7994 8106
7995 8107
7996 8108
7997 8109
7998 8110
7999 8111
8000 8112
8001 8113
8002 8114
8003 8115
8004 8116
8005 8117
8006 8118
8007 8119
8008 8120
8009 8121
8010 8122
8011 8123
8012 8124
8013 8125
8014 8126
8015 8127
8016 8128
8017 8129
8018 8130
8019 8131
8020 8132
8021 8133
8022 8134
8023 8135
8024 8136
8025 8137
8026 8138
8027 8139
8028 8140
8029 8141
8030 8142
8031 8143
8032 8144
8033 8145
8034 8146
8035 8147
8036 8148
8037 8149
8038 8150
8039 8151
8040 8152
8041 8153
8042 8154
8043 8155
8044 8156
8045 8157
8046 8158
8047 8159
8048 8160
8049 8161
8050 8162
8051 8163
8052 8164
8053 8165
8054 8166
8055 8167
8056 8168
8057 8169
8058 8170
8059 8171
8060 8172
8061 8173
8062 8174
8063 8175
8064 8176
8065 8177
8066 8178
8067 8179
8068 8180
8069 8181
8070 8182
8071 8183
8072 8184
8073 8185
8074 8186
8075 8187
8076 8188
8077 8189
8078 8190
8079 8191
8080 8192
8081 8193
8082 8194
8083 8195
8084 8196
8085 8197
8086 8198
8087 8199
8088 8200
8089 8201
8090 8202
8091 8203
8092 8204
8093 8205
8094 8206
8095 8207
8096 8208
8097 8209
8098 8210
8099 8211
8100 8212
8101 8213
8102 8214
8103 8215
8104 8216
8105 8217
8106 8218
8107 8219
8108 8220
8109 8221
8110 8222
8111 8223
8112 8224
8113 8225
8114 8226
8115 8227
8116 8228
8117 8229
8118 8230
8119 8231
8120 8232
8121 8233
8122 8234
8123 8235
8124 8236
8125 8237
8126 8238
8127 8239
8128 8240
8129 8241
8130 8242
8131 8243
8132 8244
8133 8245
8134 8246
8135 8247
8136 8248
8137 8249
8138 8250
8139 8251
8140 8252
8141 8253
8142 8254
8143 8255
8144 8256
8145 8257
8146 8258
8147 8259
8148 8260
8149 8261
8150 8262
8151 8263
8152 8264
8153 8265
8154 8266
8155 8267
8156 8268
8157 8269
8158 8270
8159 8271
8160 8272
8161 8273
8162 8274
8163 8275
8164 8276
8165 8277
8166 8278
8167 8279
8168 8280
8169 8281
8170 8282
8171 8283
8172 8284
8173 8285
8174 8286
8175 8287
8176 8288
8177 8289
8178 8290
8179 8291
8180 8292
8181 8293 8294
8182 8295
8183 8296
8184 8297
8185 8298
8186 8299
8187 8300
8188 8301
8189 8302
8190 8303
8191 8304
8192 8305
8193 8306
8194 8307
8195 8308
8196 8309
8197 8310
8198 8311
8199 8312
8200 8313
8201 8314
8202 8315
8203 8316
8204 8317
8205 8318
8206 8319
8207 8320
8208 8321
8209 8322
8210 8323
8211 8324
8212 8325
8213 8326
8214 8327
8215 8328
8216 8329
8217 8330
8218 8331
8219 8332
8220 8333
8221 8334
8222 8335
8223 8336
8224 8337
8225 8338
8226 8339
8227 8340
8228 8341
8229 8342
8230 8343
8231 8344
8232 8345
8233 8346
8234 8347
8235 8348
8236 8349
8237 8350
8238 8351
8239 8352
8240 8353
8241 8354
8242 8355
8243 8356
8244 8357
8245 8358
8246 8359
8247 8360
8248 8361
8249 8362
8250 8363
8251 8364
8252 8365
8253 8366
8254 8367
8255 8368
8256 8369
8257 8370
8258 8371
8259 8372
8260 8373
8261 8374
8262 8375
8263 8376
8264 8377
8265 8378
8266 8379
8267 8380
8268 8381
8269 8382
8270 8383
8271 8384
8272 8385
8273 8386
8274 8387
8275 8388
8276 8389
8277 8390
8278 8391
8279 8392
8280 8393
8281 8394
8282 8395
8283 8396
8284 8397
8285 8398
8286 8399
8287 8400
8288 8401
8289 8402
8290 8403
8291 8404
8292 8405
8293 8406
8294 8407
8295 8408
8296 8409
8297 8410
8298 8411
8299 8412
8300 8413
8301 8414
8302 8415
8303 8416
8304 8417
8305 8418
8306 8419
8307 8420
8308 8421
8309 8422
8310 8423
8311 8424
8312 8425
8313 8426
8314 8427
8315 8428
8316 8429
8317 8430
8318 8431
8319 8432
8320 8433
8321 8434
8322 8435
8323 8436
8324 8437
8325 8438
8326 8439
8327 8440
8328 8441
8329 8442
8330 8443
8331 8444
8332 8445
8333 8446
8334 8447
8335 8448
8336 8449
8337 8450
8338 8451
8339 8452
8340 8453
8341 8454
8342 8455
8343 8456
8344 8457
8345 8458
8346 8459
8347 8460
8348 8461
8349 8462
8350 8463
8351 8464
8352 8465
8353 8466
8354 8467
8355 8468
8356 8469
8357 8470
8358 8471
8359 8472
8360 8473
8361 8474
8362 8475
8363 8476
8364 8477
8365 8478
8366 8479
8367 8480
8368 8481
8369 8482
8370 8483
8371 8484
8372 8485
8373 8486
8374 8487
8375 8488
8376 8489
8377 8490
8378 8491
8379 8492
8380 8493
8381 8494
8382 8495
8383 8496
8384 8497
8385 8498
8386 8499
8387 8500
8388 8501
8389 8502
8390 8503
8391 8504
8392 8505
8393 8506
8394 8507
8395 8508
8396 8509
8397 8510
8398 8511
8399 8512
8400 8513
8401 8514
8402 8515
8403 8516
8404 8517
8405 8518
8406 8519
8407 8520
8408 8521
8409 8522
8410 8523
8411 8524
8412 8525
8413 8526
8414 8527
8415 8528
8416 8529
8417 8530
8418 8531
8419 8532
8420 8533
8421 8534
8422 8535
8423 8536
8424 8537
8425 8538
8426 8539
8427 8540
8428 8541
8429 8542
8430 8543
8431 8544
8432 8545
8433 8546
8434 8547
8435 8548
8436 8549
8437 8550
8438 8551
8439 8552
8440 8553
8441 8554
8442 8555
8443 8556
8444 8557
8445 8558
8446 8559
8447 8560
8448 8561
8449 8562
8450 8563
8451 8564
8452 8565
8453 8566
8454 8567
8455 8568
8456 8569
8457 8570
8458 8571
8459 8572
8460 8573
8461 8574
8462 8575
8463 8576
8464 8577
8465 8578
8466 8579
8467 8580
8468 8581
8469 8582
8470 8583
8471 8584
8472 8585
8473 8586
8474 8587
8475 8588
8476 8589
8477 8590
8478 8591
8479 8592
8480 8593
8481 8594
8482 8595
8483 8596
8484 8597
8485 8598
8486 8599
8487 8600
8488 8601
8489 8602
8490 8603
8491 8604
8492 8605 8606
8493 8607
8494 8608
8495 8609
8496 8610
8497 8611
8498 8612
8499 8613
8500 8614
8501 8615
8502 8616
8503 8617
8504 8618
8505 8619
8506 8620
8507 8621
8508 8622
8509 8623
8510 8624
8511 8625
8512 8626
8513 8627
8514 8628
8515 8629
8516 8630
8517 8631
8518 8632
8519 8633
8520 8634
8521 8635
8522 8636
8523 8637
8524 8638
8525 8639
8526 8640
8527 8641
8528 8642
8529 8643
8530 8644
8531 8645
8532 8646
8533 8647
8534 8648
8535 8649
8536 8650
8537 8651
8538 8652
